STATE,ST_CASE,VEH_NO,PER_NO,NMIMPAIR
1,10022,0,1,8
1,10024,0,1,0
1,10036,0,1,0
1,10083,0,1,9
1,10095,0,1,0
1,10097,0,1,0
1,10107,0,1,99
1,10120,0,1,99
1,10123,0,1,0
1,10127,0,1,99
1,10141,0,1,0
1,10141,0,2,0
1,10157,0,1,8
1,10157,0,1,9
1,10187,0,1,0
1,10187,0,2,0
1,10192,0,1,99
1,10194,0,1,9
1,10223,0,1,0
1,10257,0,1,99
1,10270,0,1,9
1,10279,0,1,0
1,10281,0,1,8
1,10285,0,1,99
1,10289,0,1,99
1,10309,0,1,9
1,10315,0,1,99
1,10316,0,1,0
1,10324,0,1,0
1,10328,0,1,99
1,10352,0,1,5
1,10352,0,1,9
1,10363,0,1,99
1,10380,0,1,0
1,10383,0,1,99
1,10396,0,1,9
1,10401,0,1,8
1,10401,0,1,9
1,10448,0,1,99
1,10486,0,1,99
1,10496,0,1,9
1,10535,0,1,99
1,10536,0,1,0
1,10540,0,1,0
1,10555,0,1,0
1,10576,0,1,0
1,10576,0,2,0
1,10586,0,1,99
1,10587,0,1,99
1,10617,0,1,0
1,10625,0,1,9
1,10628,0,1,0
1,10628,0,2,0
1,10635,0,1,99
1,10636,0,1,9
1,10655,0,1,0
1,10660,0,1,0
1,10669,0,1,0
1,10669,0,2,0
1,10680,0,1,0
1,10684,0,1,0
1,10694,0,1,99
1,10702,0,1,99
1,10707,0,1,0
1,10719,0,1,9
1,10721,0,1,9
1,10735,0,1,0
1,10737,0,1,5
1,10737,0,1,9
1,10738,0,1,99
1,10738,0,2,0
1,10743,0,1,0
1,10751,0,1,9
1,10759,0,1,99
1,10761,0,1,0
1,10766,0,1,1
1,10767,0,1,0
1,10790,0,1,9
2,20001,0,1,0
2,20002,0,1,9
2,20007,0,1,9
2,20024,0,1,0
2,20024,0,2,0
2,20027,0,1,9
2,20039,0,1,8
2,20039,0,1,9
4,40020,0,1,0
4,40022,0,1,9
4,40031,0,1,9
4,40041,0,1,0
4,40045,0,1,10
4,40050,0,1,99
4,40051,0,1,0
4,40052,0,1,9
4,40055,0,1,99
4,40065,0,1,99
4,40066,0,1,0
4,40067,0,1,0
4,40072,0,1,0
4,40074,0,1,99
4,40079,0,1,0
4,40081,0,1,0
4,40088,0,1,99
4,40090,0,1,0
4,40090,0,2,0
4,40090,0,3,0
4,40090,0,4,0
4,40090,0,5,0
4,40090,0,6,0
4,40098,0,1,0
4,40100,0,1,99
4,40101,0,1,9
4,40106,0,1,99
4,40111,0,1,98
4,40115,0,1,0
4,40118,0,1,99
4,40119,0,1,9
4,40122,0,1,99
4,40123,0,1,9
4,40124,0,1,0
4,40130,0,1,9
4,40131,0,1,8
4,40133,0,1,1
4,40133,0,1,96
4,40134,0,1,98
4,40140,0,1,99
4,40146,0,1,99
4,40148,0,1,98
4,40149,0,1,0
4,40150,0,1,0
4,40152,0,1,0
4,40153,0,1,0
4,40155,0,1,99
4,40156,0,1,9
4,40163,0,1,0
4,40164,0,1,0
4,40165,0,1,99
4,40170,0,1,0
4,40175,0,1,0
4,40176,0,1,99
4,40178,0,1,0
4,40182,0,1,98
4,40184,0,1,9
4,40187,0,1,9
4,40188,0,1,99
4,40194,0,1,9
4,40205,0,1,9
4,40208,0,1,0
4,40210,0,1,99
4,40214,0,1,98
4,40215,0,1,99
4,40217,0,1,0
4,40221,0,1,99
4,40222,0,1,99
4,40228,0,1,9
4,40230,0,1,99
4,40231,0,1,99
4,40239,0,1,9
4,40240,0,1,99
4,40246,0,1,0
4,40258,0,1,9
4,40259,0,1,99
4,40264,0,1,0
4,40273,0,1,0
4,40288,0,1,0
4,40292,0,1,0
4,40295,0,1,99
4,40297,0,1,9
4,40299,0,1,9
4,40309,0,1,0
4,40316,0,1,9
4,40324,0,1,99
4,40329,0,1,0
4,40343,0,1,99
4,40344,0,1,9
4,40348,0,1,9
4,40353,0,1,99
4,40363,0,1,98
4,40369,0,1,99
4,40378,0,1,99
4,40382,0,1,98
4,40396,0,1,9
4,40398,0,1,0
4,40398,0,2,0
4,40405,0,1,99
4,40406,0,1,99
4,40408,0,1,0
4,40409,0,1,0
4,40409,0,2,0
4,40411,0,1,99
4,40412,0,1,3
4,40412,0,1,9
4,40413,0,1,99
4,40417,0,1,99
4,40450,0,1,98
4,40452,0,1,99
4,40463,0,1,96
4,40464,0,1,9
4,40465,0,1,9
4,40469,0,1,99
4,40485,0,1,99
4,40489,0,1,99
4,40491,0,1,0
4,40497,0,1,99
4,40503,0,1,9
4,40518,0,1,0
4,40520,0,1,0
4,40520,0,2,0
4,40522,0,1,9
4,40525,0,1,99
4,40526,0,1,0
4,40527,0,1,9
4,40528,0,1,9
4,40529,0,1,99
4,40530,0,1,0
4,40531,0,1,0
4,40535,0,1,0
4,40538,0,1,9
4,40541,0,1,99
4,40547,0,1,99
4,40549,0,1,9
4,40553,0,1,99
4,40555,0,1,9
4,40556,0,1,99
4,40561,0,1,99
4,40570,0,1,99
4,40576,0,1,99
4,40578,0,1,0
4,40581,0,1,3
4,40583,0,1,99
4,40584,0,1,99
4,40586,0,1,1
4,40586,0,1,9
4,40587,0,1,0
4,40588,0,1,0
4,40590,0,1,0
4,40591,0,1,0
4,40599,0,1,9
4,40600,0,1,0
4,40604,0,1,0
4,40622,0,1,8
4,40622,0,1,9
4,40629,0,1,9
4,40637,0,1,98
4,40641,0,1,9
4,40646,0,1,0
4,40647,0,1,99
4,40652,0,1,9
4,40653,0,1,1
4,40659,0,1,99
4,40662,0,1,9
4,40663,0,1,99
4,40667,0,1,9
4,40671,0,1,4
4,40671,0,2,4
4,40674,0,1,98
4,40676,0,1,99
4,40677,0,1,0
4,40680,0,1,0
4,40685,0,1,0
4,40687,0,1,9
4,40689,0,1,0
4,40694,0,1,99
4,40699,0,1,0
4,40701,0,1,9
4,40704,0,1,9
4,40706,0,1,9
4,40709,0,1,9
4,40710,0,1,98
4,40711,0,1,99
4,40712,0,1,0
4,40713,0,1,99
4,40715,0,1,3
4,40715,0,1,9
4,40715,0,2,9
4,40719,0,1,9
5,50025,0,1,99
5,50028,0,1,9
5,50035,0,1,99
5,50076,0,1,0
5,50099,0,1,99
5,50100,0,1,99
5,50138,0,1,0
5,50150,0,1,99
5,50163,0,1,0
5,50167,0,1,99
5,50181,0,1,99
5,50188,0,1,9
5,50191,0,1,0
5,50208,0,1,0
5,50208,0,2,0
5,50208,0,3,0
5,50220,0,1,99
5,50222,0,1,99
5,50228,0,1,98
5,50239,0,1,99
5,50244,0,1,99
5,50260,0,1,9
5,50263,0,1,0
5,50305,0,1,99
5,50312,0,1,99
5,50361,0,1,99
5,50372,0,1,99
5,50405,0,1,9
5,50412,0,1,99
5,50426,0,1,99
5,50435,0,1,99
5,50446,0,1,99
5,50451,0,1,99
5,50462,0,1,0
5,50467,0,1,0
5,50475,0,1,0
5,50485,0,1,99
5,50486,0,1,99
5,50487,0,1,99
5,50489,0,1,99
5,50515,0,1,99
5,50517,0,1,99
6,60002,0,1,3
6,60010,0,1,98
6,60012,0,1,0
6,60017,0,1,99
6,60019,0,1,0
6,60020,0,1,0
6,60021,0,1,99
6,60037,0,1,9
6,60049,0,1,99
6,60058,0,1,0
6,60061,0,1,0
6,60062,0,1,98
6,60066,0,1,99
6,60067,0,1,0
6,60069,0,1,98
6,60071,0,1,99
6,60071,0,2,99
6,60073,0,1,98
6,60074,0,1,99
6,60074,0,2,99
6,60074,0,3,99
6,60076,0,1,0
6,60078,0,1,9
6,60087,0,1,9
6,60093,0,1,0
6,60094,0,1,99
6,60095,0,1,9
6,60096,0,1,99
6,60098,0,1,9
6,60099,0,1,0
6,60102,0,1,0
6,60104,0,1,0
6,60105,0,1,99
6,60107,0,1,99
6,60108,0,1,99
6,60109,0,1,9
6,60110,0,1,0
6,60117,0,1,0
6,60120,0,1,0
6,60125,0,1,0
6,60126,0,1,0
6,60128,0,1,0
6,60129,0,1,0
6,60130,0,1,0
6,60131,0,1,0
6,60134,0,1,0
6,60139,0,1,0
6,60140,0,1,0
6,60143,0,1,99
6,60145,0,1,9
6,60147,0,1,0
6,60150,0,1,0
6,60150,0,2,0
6,60153,0,1,9
6,60155,0,1,9
6,60156,0,1,9
6,60159,0,1,0
6,60160,0,1,0
6,60161,0,1,9
6,60165,0,1,0
6,60166,0,1,0
6,60168,0,1,99
6,60171,0,1,99
6,60179,0,1,99
6,60183,0,1,0
6,60184,0,1,0
6,60187,0,1,0
6,60191,0,1,0
6,60192,0,1,0
6,60194,0,1,9
6,60202,0,1,6
6,60202,0,2,0
6,60205,0,1,0
6,60206,0,1,9
6,60208,0,1,0
6,60211,0,1,99
6,60216,0,1,99
6,60223,0,1,0
6,60224,0,1,9
6,60225,0,1,4
6,60227,0,1,99
6,60228,0,1,0
6,60233,0,1,0
6,60238,0,1,99
6,60239,0,1,99
6,60240,0,1,99
6,60241,0,1,99
6,60242,0,1,99
6,60246,0,1,0
6,60246,0,2,0
6,60247,0,1,0
6,60249,0,1,99
6,60251,0,1,99
6,60252,0,1,99
6,60254,0,1,0
6,60255,0,1,9
6,60257,0,1,0
6,60259,0,1,0
6,60260,0,1,99
6,60261,0,1,10
6,60262,0,1,99
6,60263,0,1,99
6,60263,0,2,99
6,60264,0,1,4
6,60265,0,1,99
6,60266,0,1,0
6,60268,0,1,0
6,60273,0,1,99
6,60274,0,1,0
6,60282,0,1,99
6,60285,0,1,99
6,60296,0,1,99
6,60297,0,1,0
6,60299,0,1,0
6,60317,0,1,9
6,60318,0,1,9
6,60319,0,1,0
6,60325,0,1,0
6,60326,0,1,0
6,60327,0,1,10
6,60328,0,1,99
6,60329,0,1,0
6,60333,0,1,9
6,60336,0,1,0
6,60336,0,2,98
6,60343,0,1,99
6,60348,0,1,0
6,60349,0,1,0
6,60355,0,1,0
6,60357,0,1,0
6,60358,0,1,0
6,60360,0,1,0
6,60361,0,1,0
6,60364,0,1,99
6,60365,0,1,4
6,60367,0,1,99
6,60368,0,1,99
6,60375,0,1,0
6,60378,0,1,10
6,60379,0,1,0
6,60380,0,1,9
6,60381,0,1,9
6,60382,0,1,9
6,60384,0,1,0
6,60388,0,1,99
6,60390,0,1,99
6,60396,0,1,0
6,60397,0,1,99
6,60398,0,1,99
6,60400,0,1,0
6,60403,0,1,99
6,60404,0,1,99
6,60407,0,1,0
6,60410,0,1,98
6,60413,0,1,0
6,60415,0,1,9
6,60418,0,1,99
6,60419,0,1,0
6,60421,0,1,0
6,60423,0,1,99
6,60424,0,1,9
6,60428,0,1,99
6,60443,0,1,4
6,60444,0,1,0
6,60451,0,1,0
6,60455,0,1,99
6,60456,0,1,0
6,60458,0,1,99
6,60489,0,1,99
6,60494,0,1,0
6,60496,0,1,0
6,60498,0,1,99
6,60506,0,1,0
6,60531,0,1,10
6,60532,0,1,99
6,60539,0,1,0
6,60544,0,1,9
6,60546,0,1,98
6,60547,0,1,98
6,60553,0,1,9
6,60566,0,1,99
6,60569,0,1,98
6,60569,0,2,98
6,60581,0,1,9
6,60582,0,1,98
6,60584,0,1,99
6,60585,0,1,99
6,60586,0,1,0
6,60589,0,1,99
6,60592,0,1,9
6,60596,0,1,99
6,60605,0,1,9
6,60605,0,2,10
6,60614,0,1,9
6,60622,0,1,98
6,60623,0,1,9
6,60628,0,1,0
6,60628,0,2,99
6,60633,0,1,10
6,60634,0,1,99
6,60643,0,1,0
6,60643,0,2,0
6,60645,0,1,0
6,60660,0,1,98
6,60663,0,1,9
6,60664,0,1,99
6,60666,0,1,99
6,60668,0,1,98
6,60673,0,1,9
6,60677,0,1,0
6,60679,0,1,9
6,60679,0,2,9
6,60680,0,1,0
6,60681,0,1,3
6,60682,0,1,9
6,60692,0,1,0
6,60696,0,1,9
6,60703,0,1,0
6,60705,0,1,98
6,60711,0,1,99
6,60716,0,1,0
6,60720,0,1,0
6,60721,0,1,0
6,60731,0,1,0
6,60737,0,1,99
6,60739,0,1,98
6,60744,0,1,0
6,60769,0,1,99
6,60769,0,2,99
6,60774,0,1,0
6,60776,0,1,9
6,60782,0,1,0
6,60786,0,1,3
6,60788,0,1,0
6,60791,0,1,9
6,60791,0,2,0
6,60791,0,3,0
6,60793,0,1,0
6,60795,0,1,0
6,60805,0,1,0
6,60805,0,2,0
6,60806,0,1,0
6,60807,0,1,0
6,60809,0,1,0
6,60816,0,1,0
6,60819,0,1,9
6,60831,0,1,99
6,60843,0,1,0
6,60845,0,1,96
6,60850,0,1,99
6,60877,0,1,99
6,60879,0,1,10
6,60880,0,1,10
6,60881,0,1,0
6,60884,0,1,0
6,60887,0,1,99
6,60891,0,1,9
6,60892,0,1,99
6,60894,0,1,0
6,60899,0,1,9
6,60904,0,1,0
6,60910,0,1,9
6,60915,0,1,0
6,60917,0,1,0
6,60918,0,1,0
6,60919,0,1,0
6,60921,0,1,98
6,60924,0,1,9
6,60926,0,1,9
6,60927,0,1,0
6,60929,0,1,0
6,60972,0,1,10
6,60980,0,1,3
6,60984,0,1,0
6,60987,0,1,0
6,60988,0,1,0
6,60994,0,1,9
6,60995,0,1,99
6,60996,0,1,9
6,60997,0,1,0
6,60998,0,1,99
6,60999,0,1,0
6,61000,0,1,0
6,61049,0,1,98
6,61057,0,1,0
6,61060,0,1,9
6,61064,0,1,99
6,61069,0,1,0
6,61070,0,1,9
6,61073,0,1,99
6,61077,0,1,99
6,61078,0,1,99
6,61084,0,1,9
6,61085,0,1,9
6,61086,0,1,99
6,61087,0,1,0
6,61087,0,2,0
6,61087,0,3,0
6,61087,0,4,0
6,61087,0,5,0
6,61087,0,6,0
6,61087,0,7,0
6,61087,0,8,0
6,61088,0,1,99
6,61089,0,1,0
6,61092,0,1,0
6,61098,0,1,0
6,61099,0,1,98
6,61101,0,1,0
6,61104,0,1,0
6,61105,0,1,0
6,61106,0,1,3
6,61114,0,1,0
6,61115,0,1,99
6,61115,0,2,0
6,61139,0,1,0
6,61140,0,1,0
6,61141,0,1,0
6,61142,0,1,9
6,61146,0,1,98
6,61147,0,1,99
6,61148,0,1,99
6,61151,0,1,9
6,61155,0,1,0
6,61155,0,2,0
6,61157,0,1,9
6,61158,0,1,99
6,61260,0,1,0
6,61261,0,1,0
6,61262,0,1,0
6,61263,0,1,0
6,61264,0,1,0
6,61266,0,1,98
6,61267,0,1,10
6,61268,0,1,99
6,61272,0,1,0
6,61273,0,1,99
6,61274,0,1,0
6,61278,0,1,0
6,61279,0,1,0
6,61281,0,1,0
6,61282,0,1,0
6,61284,0,1,99
6,61287,0,1,9
6,61288,0,1,0
6,61290,0,1,99
6,61300,0,1,99
6,61301,0,1,99
6,61303,0,1,0
6,61308,0,1,9
6,61309,0,1,99
6,61310,0,1,99
6,61312,0,1,99
6,61312,0,2,99
6,61313,0,1,99
6,61316,0,1,99
6,61318,0,1,99
6,61319,0,1,0
6,61322,0,1,0
6,61327,0,1,0
6,61329,0,1,98
6,61330,0,1,98
6,61330,0,2,98
6,61331,0,1,0
6,61332,0,1,98
6,61336,0,1,0
6,61337,0,1,99
6,61338,0,1,99
6,61339,0,1,0
6,61340,0,1,0
6,61342,0,1,9
6,61344,0,1,99
6,61346,0,1,0
6,61347,0,1,99
6,61348,0,1,99
6,61350,0,1,99
6,61352,0,1,0
6,61354,0,1,99
6,61356,0,1,9
6,61357,0,1,0
6,61360,0,1,0
6,61363,0,1,0
6,61365,0,1,99
6,61366,0,1,99
6,61368,0,1,0
6,61373,0,1,0
6,61373,0,2,0
6,61375,0,1,0
6,61376,0,1,0
6,61377,0,1,0
6,61381,0,1,99
6,61383,0,1,0
6,61385,0,1,0
6,61386,0,1,99
6,61387,0,1,99
6,61389,0,1,99
6,61390,0,1,0
6,61392,0,1,0
6,61393,0,1,99
6,61394,0,1,99
6,61397,0,1,0
6,61398,0,1,98
6,61399,0,1,9
6,61401,0,1,0
6,61404,0,1,99
6,61406,0,1,99
6,61408,0,1,0
6,61409,0,1,99
6,61413,0,1,10
6,61414,0,1,0
6,61422,0,1,0
6,61424,0,1,0
6,61425,0,1,0
6,61426,0,1,0
6,61427,0,1,0
6,61428,0,1,0
6,61429,0,1,9
6,61482,0,1,99
6,61484,0,1,0
6,61485,0,1,0
6,61485,0,2,0
6,61488,0,1,99
6,61489,0,1,0
6,61491,0,1,0
6,61494,0,1,99
6,61495,0,1,9
6,61496,0,1,99
6,61497,0,1,99
6,61498,0,1,0
6,61499,0,1,99
6,61503,0,1,0
6,61505,0,1,3
6,61506,0,1,0
6,61508,0,1,0
6,61509,0,1,0
6,61510,0,1,0
6,61510,0,2,0
6,61511,0,1,0
6,61564,0,1,99
6,61564,0,2,99
6,61565,0,1,0
6,61567,0,1,99
6,61568,0,1,9
6,61569,0,1,0
6,61570,0,1,99
6,61571,0,1,9
6,61574,0,1,0
6,61576,0,1,0
6,61577,0,1,0
6,61577,0,2,0
6,61577,0,3,0
6,61578,0,1,9
6,61580,0,1,0
6,61581,0,1,98
6,61582,0,1,98
6,61584,0,1,98
6,61587,0,1,0
6,61588,0,1,4
6,61589,0,1,0
6,61590,0,1,0
6,61591,0,1,0
6,61592,0,1,0
6,61593,0,1,99
6,61594,0,1,9
6,61596,0,1,0
6,61597,0,1,0
6,61598,0,1,99
6,61599,0,1,99
6,61600,0,1,0
6,61600,0,2,0
6,61607,0,1,99
6,61608,0,1,0
6,61610,0,1,0
6,61611,0,1,9
6,61611,0,2,0
6,61612,0,1,99
6,61613,0,1,99
6,61619,0,1,9
6,61620,0,1,0
6,61621,0,1,99
6,61625,0,1,99
6,61626,0,1,99
6,61630,0,1,9
6,61631,0,1,99
6,61632,0,1,9
6,61634,0,1,0
6,61635,0,1,99
6,61636,0,1,99
6,61637,0,1,9
6,61638,0,1,99
6,61639,0,1,9
6,61642,0,1,0
6,61642,0,2,0
6,61642,0,3,0
6,61643,0,1,0
6,61644,0,1,0
6,61645,0,1,98
6,61646,0,1,98
6,61648,0,1,0
6,61648,0,2,0
6,61670,0,1,0
6,61671,0,1,0
6,61673,0,1,0
6,61674,0,1,0
6,61677,0,1,99
6,61678,0,1,9
6,61679,0,1,9
6,61680,0,1,99
6,61681,0,1,0
6,61682,0,1,0
6,61683,0,1,0
6,61684,0,1,0
6,61685,0,1,0
6,61686,0,1,0
6,61687,0,1,9
6,61689,0,1,0
6,61690,0,1,98
6,61692,0,1,0
6,61694,0,1,0
6,61695,0,1,99
6,61696,0,1,99
6,61697,0,1,99
6,61698,0,1,0
6,61700,0,1,98
6,61701,0,1,98
6,61702,0,1,98
6,61703,0,1,0
6,61704,0,1,0
6,61705,0,1,0
6,61706,0,1,98
6,61707,0,1,98
6,61708,0,1,99
6,61711,0,1,0
6,61712,0,1,0
6,61713,0,1,0
6,61714,0,1,0
6,61715,0,1,0
6,61716,0,1,0
6,61717,0,1,9
6,61718,0,1,0
6,61719,0,1,0
6,61720,0,1,0
6,61722,0,1,0
6,61723,0,1,8
6,61724,0,1,99
6,61725,0,1,0
6,61726,0,1,99
6,61727,0,1,0
6,61728,0,1,9
6,61729,0,1,99
6,61730,0,1,9
6,61731,0,1,99
6,61814,0,1,98
6,61814,0,2,98
6,61823,0,1,99
6,61857,0,1,0
6,61858,0,1,0
6,61859,0,1,0
6,61860,0,1,9
6,61861,0,1,9
6,61862,0,1,0
6,61863,0,1,99
6,61864,0,1,0
6,61868,0,1,0
6,61872,0,1,99
6,61873,0,1,99
6,61874,0,1,99
6,61875,0,1,9
6,61877,0,1,9
6,61879,0,1,98
6,61880,0,1,9
6,61886,0,1,98
6,61886,0,2,98
6,61887,0,1,0
6,61888,0,1,9
6,61889,0,1,99
6,61891,0,1,99
6,61892,0,1,99
6,61893,0,1,0
6,61894,0,1,99
6,61895,0,1,99
6,61896,0,1,10
6,61898,0,1,98
6,61899,0,1,0
6,61900,0,1,98
6,61901,0,1,0
6,61902,0,1,0
6,61903,0,1,9
6,61904,0,1,0
6,61905,0,1,0
6,61906,0,1,98
6,61907,0,1,0
6,61908,0,1,99
6,61909,0,1,99
6,61910,0,1,9
6,61911,0,1,99
6,61912,0,1,0
6,61913,0,1,0
6,61913,0,2,0
6,61914,0,1,0
6,61915,0,1,99
6,61916,0,1,9
6,61917,0,1,99
6,61918,0,1,9
6,61921,0,1,0
6,61922,0,1,0
6,61923,0,1,0
6,61924,0,1,0
6,61925,0,1,0
6,61926,0,1,0
6,61927,0,1,9
6,61931,0,1,9
6,61932,0,1,0
6,61933,0,1,99
6,61935,0,1,99
6,61936,0,1,99
6,61937,0,1,99
6,61938,0,1,99
6,61940,0,1,9
6,61941,0,1,99
6,61942,0,1,99
6,61943,0,1,98
6,61943,0,2,98
6,61943,0,3,98
6,61943,0,4,98
6,61944,0,1,98
6,61944,0,2,98
6,61945,0,1,99
6,61946,0,1,99
6,61946,0,2,99
6,61947,0,1,0
6,61948,0,1,99
6,61950,0,1,99
6,61951,0,1,99
6,61953,0,1,0
6,61954,0,1,98
6,61955,0,1,98
6,61956,0,1,9
6,61957,0,1,4
6,61958,0,1,0
6,61960,0,1,0
6,61961,0,1,99
6,61962,0,1,0
6,61962,0,2,0
6,61963,0,1,9
6,61964,0,1,99
6,61965,0,1,99
6,61966,0,1,0
6,61967,0,1,0
6,61967,0,2,0
6,61968,0,1,99
6,61969,0,1,99
6,61970,0,1,0
6,61970,0,2,0
6,61971,0,1,9
6,61972,0,1,9
6,61973,0,1,0
6,61974,0,1,9
6,61975,0,1,98
6,61976,0,1,9
6,61977,0,1,99
6,61979,0,1,0
6,61980,0,1,98
6,61981,0,1,99
6,61983,0,1,99
6,61984,0,1,99
6,61985,0,1,9
6,61986,0,1,0
6,61987,0,1,9
6,61988,0,1,0
6,61989,0,1,99
6,61990,0,1,99
6,61991,0,1,99
6,61993,0,1,98
6,61994,0,1,0
6,61995,0,1,0
6,61996,0,1,98
6,61997,0,1,0
6,61998,0,1,99
6,61999,0,1,98
6,62000,0,1,98
6,62001,0,1,9
6,62002,0,1,98
6,62003,0,1,99
6,62004,0,1,99
6,62005,0,1,9
6,62056,0,1,99
6,62059,0,1,98
6,62060,0,1,99
6,62061,0,1,9
6,62062,0,1,99
6,62063,0,1,99
6,62064,0,1,0
6,62065,0,1,9
6,62066,0,1,98
6,62067,0,1,98
6,62068,0,1,98
6,62069,0,1,99
6,62070,0,1,98
6,62071,0,1,98
6,62073,0,1,98
6,62074,0,1,0
6,62075,0,1,98
6,62190,0,1,99
6,62191,0,1,99
6,62192,0,1,99
6,62193,0,1,3
6,62194,0,1,0
6,62195,0,1,99
6,62196,0,1,9
6,62199,0,1,99
6,62200,0,1,9
6,62201,0,1,0
6,62204,0,1,99
6,62207,0,1,0
6,62208,0,1,0
6,62209,0,1,99
6,62210,0,1,9
6,62212,0,1,9
6,62215,0,1,3
6,62216,0,1,0
6,62217,0,1,98
6,62218,0,1,98
6,62221,0,1,0
6,62222,0,1,0
6,62223,0,1,98
6,62224,0,1,98
6,62227,0,1,0
6,62228,0,1,99
6,62229,0,1,99
6,62230,0,1,0
6,62231,0,1,99
6,62232,0,1,99
6,62233,0,1,99
6,62234,0,1,99
6,62237,0,1,99
6,62238,0,1,99
6,62239,0,1,99
6,62240,0,1,99
6,62240,0,2,99
6,62242,0,1,99
6,62274,0,1,98
6,62275,0,1,0
6,62275,0,2,98
6,62276,0,1,0
6,62277,0,1,98
6,62328,0,1,9
6,62330,0,1,99
6,62331,0,1,99
6,62332,0,1,99
6,62333,0,1,99
6,62335,0,1,9
6,62336,0,1,99
6,62338,0,1,5
6,62339,0,1,9
6,62340,0,1,0
6,62376,0,1,99
6,62377,0,1,99
6,62378,0,1,99
6,62388,0,1,98
6,62388,0,2,98
6,62397,0,1,0
6,62410,0,1,0
6,62411,0,1,0
6,62424,0,1,99
6,62447,0,1,10
6,62457,0,1,99
6,62471,0,1,98
6,62483,0,1,0
6,62486,0,1,9
6,62487,0,1,9
6,62488,0,1,99
6,62495,0,1,99
6,62497,0,1,0
6,62502,0,1,9
6,62502,0,2,99
6,62504,0,1,99
6,62505,0,1,99
6,62508,0,1,9
6,62510,0,1,9
8,80009,0,1,98
8,80020,0,1,9
8,80031,0,1,9
8,80038,0,1,0
8,80047,0,1,0
8,80048,0,1,0
8,80049,0,1,0
8,80064,0,1,9
8,80068,0,1,9
8,80076,0,1,9
8,80077,0,1,9
8,80088,0,1,0
8,80092,0,1,0
8,80101,0,1,0
8,80107,0,1,0
8,80126,0,1,0
8,80154,0,1,0
8,80162,0,1,0
8,80199,0,1,9
8,80201,0,1,0
8,80204,0,1,0
8,80204,0,2,0
8,80208,0,1,0
8,80220,0,1,0
8,80234,0,1,0
8,80236,0,1,0
8,80241,0,1,0
8,80253,0,1,9
8,80271,0,1,0
8,80278,0,1,9
8,80286,0,1,9
8,80290,0,1,9
8,80291,0,1,9
8,80307,0,1,0
8,80313,0,1,9
8,80321,0,1,0
8,80325,0,1,0
8,80328,0,1,0
8,80329,0,1,0
8,80334,0,1,9
8,80336,0,1,9
8,80337,0,1,0
8,80356,0,1,0
8,80387,0,1,3
8,80388,0,1,0
8,80389,0,1,0
8,80401,0,1,0
8,80406,0,1,9
8,80409,0,1,0
8,80409,0,2,0
8,80409,0,3,0
9,90009,0,1,98
9,90013,0,1,0
9,90020,0,1,0
9,90026,0,1,0
9,90030,0,1,98
9,90036,0,1,9
9,90040,0,1,0
9,90042,0,1,0
9,90079,0,1,0
9,90091,0,1,98
9,90094,0,1,0
9,90095,0,1,0
9,90100,0,1,0
9,90113,0,1,0
9,90118,0,1,9
9,90127,0,1,0
9,90131,0,1,0
9,90138,0,1,96
9,90140,0,1,98
9,90148,0,1,0
9,90151,0,1,0
9,90155,0,1,98
9,90169,0,1,0
9,90170,0,1,98
9,90171,0,1,0
9,90174,0,1,0
9,90176,0,1,98
9,90183,0,1,9
9,90186,0,1,0
9,90186,0,2,0
9,90191,0,1,9
9,90202,0,1,0
9,90204,0,1,0
9,90206,0,1,98
9,90214,0,1,0
9,90217,0,1,0
9,90223,0,1,9
9,90236,0,1,98
9,90239,0,1,98
9,90240,0,1,9
9,90243,0,1,0
9,90244,0,1,98
9,90251,0,1,0
9,90255,0,1,0
9,90256,0,1,4
9,90262,0,1,0
9,90269,0,1,9
9,90274,0,1,0
9,90275,0,1,98
9,90282,0,1,98
9,90284,0,1,0
9,90287,0,1,9
9,90289,0,1,0
9,90292,0,1,0
9,90294,0,1,0
10,100001,0,1,8
10,100001,0,1,9
10,100003,0,1,9
10,100005,0,1,0
10,100010,0,1,9
10,100013,0,1,0
10,100014,0,1,0
10,100017,0,1,0
10,100021,0,1,9
10,100022,0,1,0
10,100025,0,1,0
10,100030,0,1,9
10,100035,0,1,0
10,100040,0,1,0
10,100040,0,2,0
10,100049,0,1,99
10,100050,0,1,0
10,100053,0,1,99
10,100056,0,1,9
10,100065,0,1,9
10,100072,0,1,9
10,100073,0,1,9
10,100076,0,1,9
10,100077,0,1,98
10,100083,0,1,0
10,100088,0,1,0
10,100089,0,1,0
11,110002,0,1,9
11,110004,0,1,0
11,110005,0,1,0
11,110006,0,1,9
11,110007,0,1,0
11,110008,0,1,9
11,110010,0,1,0
11,110012,0,1,0
11,110014,0,1,0
11,110015,0,1,0
11,110016,0,1,10
11,110019,0,1,0
11,110019,0,2,0
11,110021,0,1,9
11,110023,0,1,0
11,110024,0,1,96
12,120010,0,1,0
12,120017,0,1,0
12,120022,0,1,0
12,120023,0,1,9
12,120027,0,1,0
12,120030,0,1,0
12,120033,0,1,0
12,120034,0,1,0
12,120037,0,1,0
12,120038,0,1,0
12,120041,0,1,9
12,120042,0,1,9
12,120051,0,1,0
12,120054,0,1,0
12,120057,0,1,0
12,120060,0,1,9
12,120069,0,1,0
12,120071,0,1,0
12,120074,0,1,0
12,120077,0,1,0
12,120085,0,1,0
12,120094,0,1,0
12,120095,0,1,9
12,120100,0,1,9
12,120106,0,1,0
12,120109,0,1,0
12,120110,0,1,0
12,120123,0,1,0
12,120128,0,1,9
12,120138,0,1,0
12,120141,0,1,0
12,120143,0,1,0
12,120144,0,1,9
12,120151,0,1,9
12,120154,0,1,0
12,120156,0,1,0
12,120159,0,1,9
12,120162,0,1,0
12,120167,0,1,9
12,120172,0,1,0
12,120173,0,1,0
12,120175,0,1,0
12,120176,0,1,0
12,120179,0,1,0
12,120183,0,1,0
12,120185,0,1,0
12,120189,0,1,0
12,120193,0,1,9
12,120194,0,1,9
12,120197,0,1,0
12,120198,0,1,9
12,120203,0,1,0
12,120204,0,1,99
12,120214,0,1,9
12,120215,0,1,99
12,120216,0,1,99
12,120218,0,1,0
12,120221,0,1,0
12,120223,0,1,0
12,120229,0,1,0
12,120231,0,1,0
12,120233,0,1,0
12,120237,0,1,0
12,120237,0,2,0
12,120238,0,1,0
12,120239,0,1,0
12,120248,0,1,0
12,120255,0,1,0
12,120258,0,1,0
12,120261,0,1,9
12,120266,0,1,0
12,120269,0,1,0
12,120278,0,1,0
12,120284,0,1,0
12,120285,0,1,9
12,120288,0,1,9
12,120300,0,1,0
12,120306,0,1,9
12,120308,0,1,3
12,120315,0,1,9
12,120322,0,1,9
12,120328,0,1,0
12,120329,0,1,0
12,120333,0,1,0
12,120335,0,1,0
12,120341,0,1,0
12,120347,0,1,0
12,120356,0,1,0
12,120362,0,1,9
12,120365,0,1,9
12,120370,0,1,9
12,120376,0,1,0
12,120377,0,1,99
12,120378,0,1,0
12,120380,0,1,99
12,120382,0,1,99
12,120387,0,1,9
12,120390,0,1,0
12,120391,0,1,0
12,120393,0,1,0
12,120406,0,1,9
12,120418,0,1,0
12,120418,0,2,0
12,120423,0,1,0
12,120426,0,1,0
12,120429,0,1,0
12,120431,0,1,0
12,120434,0,1,0
12,120437,0,1,0
12,120443,0,1,9
12,120447,0,1,9
12,120449,0,1,0
12,120453,0,1,9
12,120456,0,1,9
12,120457,0,1,0
12,120459,0,1,0
12,120461,0,1,0
12,120467,0,1,0
12,120468,0,1,0
12,120470,0,1,0
12,120472,0,1,0
12,120481,0,1,9
12,120506,0,1,0
12,120509,0,1,9
12,120513,0,1,9
12,120514,0,1,0
12,120514,0,2,0
12,120515,0,1,0
12,120516,0,1,0
12,120517,0,1,9
12,120517,0,2,0
12,120523,0,1,0
12,120527,0,1,0
12,120533,0,1,0
12,120535,0,1,0
12,120546,0,1,0
12,120556,0,1,0
12,120562,0,1,0
12,120563,0,1,0
12,120564,0,1,0
12,120565,0,1,9
12,120566,0,1,0
12,120570,0,1,0
12,120573,0,1,0
12,120577,0,1,10
12,120578,0,1,0
12,120580,0,1,0
12,120596,0,1,0
12,120598,0,1,9
12,120599,0,1,0
12,120606,0,1,9
12,120618,0,1,0
12,120619,0,1,99
12,120625,0,1,0
12,120648,0,1,9
12,120652,0,1,9
12,120661,0,1,0
12,120662,0,1,0
12,120665,0,1,0
12,120672,0,1,0
12,120673,0,1,0
12,120675,0,1,9
12,120678,0,1,9
12,120693,0,1,99
12,120695,0,1,0
12,120698,0,1,0
12,120700,0,1,0
12,120709,0,1,0
12,120716,0,1,0
12,120719,0,1,0
12,120722,0,1,9
12,120724,0,1,9
12,120725,0,1,0
12,120730,0,1,99
12,120732,0,1,99
12,120733,0,1,99
12,120735,0,1,0
12,120735,0,2,0
12,120738,0,1,0
12,120740,0,1,0
12,120743,0,1,0
12,120744,0,1,0
12,120745,0,1,0
12,120749,0,1,0
12,120761,0,1,0
12,120771,0,1,9
12,120775,0,1,0
12,120777,0,1,9
12,120781,0,1,99
12,120785,0,1,99
12,120785,0,2,99
12,120786,0,1,9
12,120789,0,1,0
12,120793,0,1,0
12,120799,0,1,4
12,120801,0,1,0
12,120803,0,1,0
12,120804,0,1,0
12,120809,0,1,99
12,120815,0,1,0
12,120819,0,1,0
12,120822,0,1,9
12,120832,0,1,0
12,120836,0,1,0
12,120837,0,1,99
12,120843,0,1,9
12,120848,0,1,99
12,120853,0,1,0
12,120855,0,1,0
12,120857,0,1,0
12,120861,0,1,99
12,120863,0,1,0
12,120864,0,1,0
12,120870,0,1,9
12,120876,0,1,9
12,120877,0,1,0
12,120886,0,1,0
12,120889,0,1,0
12,120891,0,1,0
12,120894,0,1,0
12,120898,0,1,0
12,120904,0,1,99
12,120906,0,1,0
12,120908,0,1,0
12,120911,0,1,0
12,120912,0,1,0
12,120913,0,1,0
12,120914,0,1,0
12,120918,0,1,0
12,120919,0,1,0
12,120919,0,2,0
12,120924,0,1,99
12,120926,0,1,0
12,120927,0,1,0
12,120929,0,1,0
12,120930,0,1,9
12,120933,0,1,9
12,120934,0,1,0
12,120947,0,1,0
12,120949,0,1,0
12,120952,0,1,0
12,120962,0,1,9
12,120967,0,1,9
12,120971,0,1,0
12,120979,0,1,99
12,120980,0,1,99
12,120983,0,1,0
12,120986,0,1,9
12,120989,0,1,0
12,120995,0,1,99
12,120999,0,1,9
12,121005,0,1,0
12,121010,0,1,9
12,121012,0,1,9
12,121024,0,1,0
12,121026,0,1,9
12,121037,0,1,0
12,121041,0,1,99
12,121054,0,1,9
12,121057,0,1,9
12,121066,0,1,0
12,121069,0,1,0
12,121075,0,1,0
12,121079,0,1,0
12,121081,0,1,0
12,121085,0,1,9
12,121093,0,1,0
12,121096,0,1,0
12,121100,0,1,9
12,121113,0,1,9
12,121114,0,1,0
12,121116,0,1,0
12,121117,0,1,0
12,121120,0,1,0
12,121121,0,1,0
12,121126,0,1,0
12,121129,0,1,9
12,121131,0,1,0
12,121132,0,1,0
12,121135,0,1,0
12,121137,0,1,0
12,121138,0,1,9
12,121140,0,1,0
12,121146,0,1,99
12,121158,0,1,99
12,121161,0,1,0
12,121167,0,1,9
12,121173,0,1,9
12,121174,0,1,9
12,121180,0,1,9
12,121182,0,1,9
12,121185,0,1,9
12,121186,0,1,9
12,121191,0,1,0
12,121194,0,1,0
12,121204,0,1,0
12,121217,0,1,0
12,121218,0,1,99
12,121221,0,1,0
12,121222,0,1,0
12,121226,0,1,9
12,121227,0,1,0
12,121230,0,1,9
12,121235,0,1,0
12,121240,0,1,0
12,121245,0,1,0
12,121252,0,1,9
12,121253,0,1,99
12,121254,0,1,0
12,121256,0,1,0
12,121263,0,1,0
12,121282,0,1,0
12,121286,0,1,0
12,121289,0,1,4
12,121294,0,1,0
12,121316,0,1,0
12,121320,0,1,0
12,121322,0,1,9
12,121323,0,1,99
12,121325,0,1,0
12,121334,0,1,9
12,121339,0,1,0
12,121340,0,1,0
12,121343,0,1,0
12,121345,0,1,0
12,121351,0,1,9
12,121351,0,2,0
12,121352,0,1,9
12,121357,0,1,0
12,121358,0,1,0
12,121361,0,1,9
12,121363,0,1,0
12,121375,0,1,4
12,121376,0,1,9
12,121379,0,1,4
12,121382,0,1,9
12,121386,0,1,9
12,121392,0,1,9
12,121397,0,1,0
12,121398,0,1,9
12,121401,0,1,0
12,121402,0,1,0
12,121403,0,1,99
12,121408,0,1,0
12,121419,0,1,0
12,121422,0,1,0
12,121426,0,1,0
12,121427,0,1,0
12,121429,0,1,0
12,121432,0,1,0
12,121457,0,1,9
12,121462,0,1,0
12,121476,0,1,9
12,121480,0,1,9
12,121480,0,2,0
12,121485,0,1,0
12,121490,0,1,0
12,121492,0,1,9
12,121494,0,1,0
12,121495,0,1,0
12,121496,0,1,0
12,121501,0,1,9
12,121509,0,1,0
12,121522,0,1,9
12,121525,0,1,0
12,121526,0,1,0
12,121527,0,1,0
12,121549,0,1,99
12,121552,0,1,9
12,121555,0,1,0
12,121559,0,1,0
12,121561,0,1,0
12,121568,0,1,0
12,121570,0,1,0
12,121574,0,1,99
12,121575,0,1,0
12,121578,0,1,0
12,121589,0,1,9
12,121590,0,1,0
12,121593,0,1,99
12,121597,0,1,0
12,121601,0,1,0
12,121606,0,1,0
12,121607,0,1,0
12,121610,0,1,0
12,121613,0,1,0
12,121613,0,2,0
12,121614,0,1,0
12,121615,0,1,0
12,121616,0,1,0
12,121617,0,1,0
12,121620,0,1,99
12,121621,0,1,0
12,121628,0,1,0
12,121630,0,1,0
12,121633,0,1,9
12,121635,0,1,0
12,121636,0,1,0
12,121639,0,1,9
12,121642,0,1,0
12,121644,0,1,9
12,121646,0,1,9
12,121648,0,1,9
12,121652,0,1,0
12,121653,0,1,0
12,121658,0,1,0
12,121660,0,1,0
12,121668,0,1,0
12,121678,0,1,0
12,121680,0,1,0
12,121683,0,1,9
12,121689,0,1,0
12,121689,0,2,0
12,121697,0,1,0
12,121706,0,1,0
12,121710,0,1,0
12,121713,0,1,0
12,121715,0,1,0
12,121716,0,1,99
12,121720,0,1,99
12,121727,0,1,0
12,121735,0,1,0
12,121736,0,1,0
12,121737,0,1,0
12,121741,0,1,9
12,121750,0,1,0
12,121753,0,1,9
12,121761,0,1,0
12,121764,0,1,0
12,121766,0,1,0
12,121773,0,1,0
12,121780,0,1,0
12,121787,0,1,99
12,121797,0,1,0
12,121799,0,1,9
12,121799,0,1,96
12,121800,0,1,0
12,121801,0,1,0
12,121802,0,1,0
12,121814,0,1,9
12,121815,0,1,0
12,121820,0,1,0
12,121821,0,1,0
12,121823,0,1,9
12,121825,0,1,0
12,121826,0,1,0
12,121828,0,1,0
12,121833,0,1,0
12,121834,0,1,0
12,121835,0,1,0
12,121837,0,1,0
12,121846,0,1,99
12,121848,0,1,99
12,121850,0,1,0
12,121854,0,1,0
12,121863,0,1,0
12,121863,0,2,0
12,121863,0,3,0
12,121863,0,4,0
12,121865,0,1,99
12,121868,0,1,99
12,121871,0,1,0
12,121877,0,1,0
12,121883,0,1,0
12,121885,0,1,0
12,121887,0,1,0
12,121889,0,1,0
12,121890,0,1,0
12,121894,0,1,0
12,121895,0,1,0
12,121896,0,1,0
12,121899,0,1,0
12,121912,0,1,0
12,121917,0,1,0
12,121920,0,1,0
12,121920,0,2,0
12,121921,0,1,0
12,121921,0,2,0
12,121923,0,1,0
12,121927,0,1,0
12,121929,0,1,0
12,121930,0,1,0
12,121934,0,1,0
12,121939,0,1,0
12,121943,0,1,0
12,121944,0,1,0
12,121945,0,1,0
12,121945,0,2,0
12,121945,0,3,0
12,121945,0,4,0
12,121945,0,5,0
12,121949,0,1,0
12,121949,0,2,0
12,121952,0,1,9
12,121953,0,1,0
12,121961,0,1,0
12,121963,0,1,0
12,121966,0,1,0
12,121968,0,1,9
12,121971,0,1,0
12,121977,0,1,0
12,121978,0,1,0
12,121980,0,1,0
12,121983,0,1,0
12,121984,0,1,0
12,121986,0,1,99
12,121987,0,1,0
12,121990,0,1,0
12,121992,0,1,99
12,121995,0,1,9
12,122005,0,1,99
12,122008,0,1,0
12,122019,0,1,0
12,122021,0,1,0
12,122026,0,1,5
12,122030,0,1,0
12,122032,0,1,0
12,122052,0,1,9
12,122057,0,1,0
12,122057,0,2,0
12,122057,0,3,0
12,122063,0,1,0
12,122071,0,1,0
12,122073,0,1,0
12,122074,0,1,9
12,122082,0,1,0
12,122083,0,1,0
12,122095,0,1,0
12,122099,0,1,10
12,122101,0,1,0
12,122104,0,1,0
12,122108,0,1,0
12,122111,0,1,10
12,122112,0,1,0
12,122119,0,1,0
12,122120,0,1,0
12,122121,0,1,96
12,122122,0,1,0
12,122125,0,1,0
12,122128,0,1,98
12,122134,0,1,0
12,122136,0,1,0
12,122137,0,1,0
12,122139,0,1,0
12,122139,0,2,0
12,122140,0,1,0
12,122141,0,1,0
12,122143,0,1,5
12,122145,0,1,0
12,122151,0,1,0
12,122154,0,1,0
12,122155,0,1,0
12,122160,0,1,0
12,122165,0,1,0
12,122169,0,1,9
12,122173,0,1,0
12,122178,0,1,0
12,122179,0,1,0
12,122180,0,1,0
12,122183,0,1,0
12,122190,0,1,0
12,122191,0,1,9
12,122192,0,1,9
12,122194,0,1,0
12,122196,0,1,0
12,122198,0,1,0
12,122203,0,1,0
12,122205,0,1,0
12,122206,0,1,0
12,122207,0,1,0
12,122210,0,1,0
12,122212,0,1,0
12,122214,0,1,0
12,122217,0,1,0
12,122218,0,1,0
12,122220,0,1,0
12,122234,0,1,0
12,122235,0,1,0
12,122242,0,1,0
12,122247,0,1,0
12,122248,0,1,9
12,122250,0,1,0
12,122250,0,2,0
12,122251,0,1,0
12,122252,0,1,0
12,122256,0,1,0
12,122259,0,1,0
12,122262,0,1,0
12,122264,0,1,0
12,122271,0,1,0
12,122275,0,1,0
12,122276,0,1,0
12,122277,0,1,0
12,122279,0,1,0
12,122279,0,2,0
12,122280,0,1,9
12,122286,0,1,0
12,122288,0,1,0
12,122290,0,1,0
12,122291,0,1,0
12,122296,0,1,0
12,122301,0,1,0
12,122302,0,1,0
12,122304,0,1,0
12,122305,0,1,0
12,122306,0,1,0
12,122308,0,1,0
12,122309,0,1,0
12,122311,0,1,0
12,122312,0,1,0
12,122320,0,1,0
12,122322,0,1,4
12,122323,0,1,0
12,122323,0,2,0
12,122324,0,1,0
12,122329,0,1,0
12,122329,0,2,0
12,122333,0,1,99
12,122338,0,1,0
12,122339,0,1,0
13,130002,0,1,9
13,130010,0,1,0
13,130013,0,1,9
13,130020,0,1,9
13,130023,0,1,98
13,130039,0,1,98
13,130041,0,1,9
13,130042,0,1,0
13,130051,0,1,9
13,130053,0,1,0
13,130053,0,2,0
13,130058,0,1,0
13,130058,0,2,0
13,130062,0,1,99
13,130064,0,1,98
13,130064,0,2,98
13,130064,0,3,98
13,130065,0,1,9
13,130066,0,1,9
13,130071,0,1,99
13,130072,0,1,0
13,130077,0,1,98
13,130081,0,1,10
13,130082,0,1,0
13,130088,0,1,98
13,130098,0,1,10
13,130099,0,1,9
13,130104,0,1,98
13,130105,0,1,99
13,130106,0,1,0
13,130119,0,1,0
13,130119,0,2,0
13,130126,0,1,0
13,130146,0,1,0
13,130148,0,1,0
13,130154,0,1,98
13,130162,0,1,0
13,130164,0,1,0
13,130165,0,1,0
13,130167,0,1,98
13,130171,0,1,98
13,130178,0,1,0
13,130184,0,1,99
13,130186,0,1,0
13,130187,0,1,0
13,130187,0,2,0
13,130187,0,3,0
13,130190,0,1,0
13,130193,0,1,99
13,130196,0,1,98
13,130200,0,1,98
13,130207,0,1,98
13,130209,0,1,99
13,130211,0,1,0
13,130235,0,1,99
13,130247,0,1,98
13,130254,0,1,99
13,130260,0,1,0
13,130266,0,1,9
13,130268,0,1,9
13,130274,0,1,99
13,130280,0,1,0
13,130280,0,2,0
13,130286,0,1,8
13,130302,0,1,0
13,130305,0,1,0
13,130305,0,2,0
13,130322,0,1,0
13,130323,0,1,0
13,130327,0,1,0
13,130330,0,1,0
13,130331,0,1,99
13,130337,0,1,9
13,130340,0,1,0
13,130342,0,1,98
13,130343,0,1,0
13,130345,0,1,0
13,130345,0,2,8
13,130376,0,1,0
13,130380,0,1,0
13,130391,0,1,0
13,130405,0,1,99
13,130408,0,1,99
13,130408,0,2,0
13,130414,0,1,9
13,130434,0,1,99
13,130437,0,1,99
13,130451,0,1,9
13,130453,0,1,0
13,130460,0,1,99
13,130461,0,1,99
13,130470,0,1,0
13,130473,0,1,0
13,130473,0,2,99
13,130485,0,1,0
13,130487,0,1,0
13,130516,0,1,99
13,130537,0,1,0
13,130540,0,1,98
13,130546,0,1,99
13,130558,0,1,0
13,130562,0,1,98
13,130566,0,1,99
13,130567,0,1,96
13,130569,0,1,96
13,130579,0,1,99
13,130590,0,1,0
13,130615,0,1,99
13,130630,0,1,98
13,130636,0,1,98
13,130641,0,1,99
13,130649,0,1,0
13,130653,0,1,0
13,130654,0,1,98
13,130658,0,1,0
13,130664,0,1,0
13,130664,0,2,0
13,130665,0,1,98
13,130673,0,1,99
13,130673,0,2,0
13,130675,0,1,99
13,130681,0,1,10
13,130688,0,1,0
13,130690,0,1,99
13,130693,0,1,98
13,130695,0,1,99
13,130706,0,1,0
13,130717,0,1,99
13,130731,0,1,9
13,130740,0,1,0
13,130741,0,1,9
13,130760,0,1,99
13,130765,0,1,99
13,130777,0,1,99
13,130799,0,1,98
13,130801,0,1,98
13,130805,0,1,0
13,130811,0,1,99
13,130812,0,1,98
13,130820,0,1,98
13,130821,0,1,0
13,130826,0,1,98
13,130830,0,1,96
13,130831,0,1,0
13,130832,0,1,0
13,130836,0,1,0
13,130836,0,2,0
13,130836,0,3,0
13,130841,0,1,0
13,130842,0,1,0
13,130860,0,1,0
13,130860,0,2,0
13,130861,0,1,9
13,130865,0,1,99
13,130876,0,1,9
13,130881,0,1,98
13,130885,0,1,99
13,130889,0,1,98
13,130894,0,1,0
13,130898,0,1,98
13,130900,0,1,98
13,130904,0,1,0
13,130905,0,1,98
13,130912,0,1,99
13,130918,0,1,99
13,130926,0,1,0
13,130930,0,1,9
13,130935,0,1,98
13,130945,0,1,0
13,130953,0,1,99
13,130959,0,1,0
13,130961,0,1,98
13,130962,0,1,99
13,130964,0,1,98
13,130965,0,1,0
13,130970,0,1,98
13,130978,0,1,98
13,130978,0,2,98
13,130981,0,1,0
13,130982,0,1,0
13,130987,0,1,0
13,130991,0,1,98
13,130996,0,1,99
13,131011,0,1,99
13,131018,0,1,0
13,131037,0,1,9
13,131049,0,1,0
13,131051,0,1,0
13,131056,0,1,0
13,131060,0,1,0
13,131060,0,2,0
13,131062,0,1,98
13,131063,0,1,98
13,131066,0,1,99
13,131074,0,1,98
13,131078,0,1,0
13,131080,0,1,98
13,131084,0,1,9
13,131090,0,1,0
13,131090,0,2,0
13,131092,0,1,99
13,131105,0,1,9
13,131112,0,1,98
13,131114,0,1,99
13,131115,0,1,98
13,131117,0,1,98
13,131137,0,1,9
13,131141,0,1,98
13,131142,0,1,0
13,131147,0,1,98
15,150003,0,1,0
15,150004,0,1,9
15,150005,0,1,0
15,150007,0,1,0
15,150008,0,1,0
15,150014,0,1,99
15,150019,0,1,98
15,150027,0,1,98
15,150030,0,1,98
15,150048,0,1,0
15,150057,0,1,99
15,150060,0,1,0
15,150064,0,1,0
15,150065,0,1,0
15,150069,0,1,0
15,150075,0,1,0
15,150076,0,1,0
15,150076,0,2,0
15,150078,0,1,0
15,150080,0,1,0
15,150084,0,1,99
15,150086,0,1,0
15,150090,0,1,0
15,150093,0,1,0
15,150094,0,1,0
15,150096,0,1,98
15,150097,0,1,0
15,150099,0,1,99
15,150100,0,1,0
15,150108,0,1,0
16,160003,0,1,98
16,160036,0,1,9
16,160070,0,1,98
16,160081,0,1,0
16,160090,0,1,98
16,160103,0,1,0
16,160105,0,1,0
16,160105,0,2,0
16,160122,0,1,0
16,160135,0,1,0
16,160150,0,1,9
16,160158,0,1,0
16,160158,0,2,0
16,160160,0,1,0
16,160177,0,1,0
16,160180,0,1,0
16,160180,0,2,0
17,170011,0,1,9
17,170021,0,1,98
17,170035,0,1,0
17,170037,0,1,0
17,170046,0,1,9
17,170048,0,1,0
17,170080,0,1,9
17,170086,0,1,98
17,170087,0,1,2
17,170087,0,1,9
17,170090,0,1,0
17,170091,0,1,0
17,170099,0,1,0
17,170099,0,2,0
17,170103,0,1,0
17,170104,0,1,99
17,170113,0,1,0
17,170120,0,1,0
17,170120,0,2,0
17,170126,0,1,0
17,170129,0,1,99
17,170134,0,1,9
17,170134,0,2,0
17,170134,0,3,0
17,170142,0,1,0
17,170143,0,1,9
17,170143,0,2,0
17,170143,0,3,0
17,170144,0,1,0
17,170145,0,1,0
17,170146,0,1,0
17,170146,0,2,0
17,170176,0,1,0
17,170177,0,1,9
17,170177,0,2,9
17,170186,0,1,0
17,170186,0,2,0
17,170195,0,1,0
17,170207,0,1,0
17,170208,0,1,0
17,170210,0,1,99
17,170217,0,1,0
17,170228,0,1,0
17,170228,0,2,0
17,170228,0,3,0
17,170238,0,1,0
17,170244,0,1,0
17,170266,0,1,0
17,170276,0,1,0
17,170277,0,1,9
17,170278,0,1,8
17,170280,0,1,0
17,170282,0,1,0
17,170285,0,1,98
17,170287,0,1,0
17,170290,0,1,0
17,170300,0,1,0
17,170313,0,1,0
17,170318,0,1,0
17,170322,0,1,0
17,170332,0,1,99
17,170339,0,1,0
17,170341,0,1,9
17,170355,0,1,0
17,170391,0,1,99
17,170399,0,1,0
17,170400,0,1,8
17,170400,0,2,8
17,170416,0,1,0
17,170433,0,1,9
17,170438,0,1,9
17,170441,0,1,0
17,170449,0,1,98
17,170453,0,1,0
17,170459,0,1,0
17,170460,0,1,9
17,170477,0,1,99
17,170481,0,1,0
17,170488,0,1,0
17,170489,0,1,98
17,170491,0,1,99
17,170509,0,1,9
17,170519,0,1,99
17,170520,0,1,99
17,170543,0,1,0
17,170548,0,1,0
17,170549,0,1,9
17,170561,0,1,99
17,170563,0,1,0
17,170564,0,1,0
17,170572,0,1,0
17,170573,0,1,99
17,170578,0,1,0
17,170580,0,1,99
17,170590,0,1,0
17,170595,0,1,0
17,170607,0,1,0
17,170611,0,1,5
17,170614,0,1,9
17,170620,0,1,0
17,170622,0,1,99
17,170624,0,1,0
17,170626,0,1,0
17,170629,0,1,0
17,170629,0,2,0
17,170629,0,3,0
17,170636,0,1,0
17,170637,0,1,0
17,170639,0,1,5
17,170658,0,1,0
17,170665,0,1,0
17,170674,0,1,0
17,170701,0,1,0
17,170704,0,1,0
17,170709,0,1,99
17,170711,0,1,0
17,170729,0,1,0
17,170730,0,1,0
17,170731,0,1,0
17,170732,0,1,9
17,170733,0,1,96
17,170738,0,1,8
17,170738,0,1,9
17,170748,0,1,0
17,170752,0,1,0
17,170757,0,1,0
17,170759,0,1,0
17,170762,0,1,0
17,170763,0,1,98
17,170764,0,1,9
17,170766,0,1,0
17,170769,0,1,0
17,170769,0,2,0
17,170770,0,1,0
17,170773,0,1,0
17,170774,0,1,0
17,170774,0,2,0
17,170787,0,1,0
17,170795,0,1,0
17,170795,0,2,0
17,170797,0,1,8
17,170797,0,1,9
17,170797,0,1,10
17,170798,0,1,9
17,170801,0,1,2
17,170801,0,2,2
17,170805,0,1,9
17,170827,0,1,9
17,170830,0,1,0
17,170832,0,1,0
17,170838,0,1,0
17,170848,0,1,8
17,170853,0,1,0
17,170858,0,1,98
17,170872,0,1,98
17,170877,0,1,0
17,170878,0,1,0
17,170886,0,1,0
17,170890,0,1,0
17,170901,0,1,0
17,170906,0,1,0
17,170907,0,1,0
18,180006,0,1,98
18,180018,0,1,0
18,180019,0,1,99
18,180023,0,1,0
18,180023,0,2,0
18,180024,0,1,96
18,180027,0,1,98
18,180028,0,1,0
18,180029,0,1,99
18,180035,0,1,99
18,180044,0,1,0
18,180045,0,1,0
18,180084,0,1,0
18,180084,0,2,0
18,180089,0,1,0
18,180103,0,1,0
18,180111,0,1,0
18,180115,0,1,0
18,180121,0,1,0
18,180128,0,1,0
18,180128,0,2,0
18,180135,0,1,0
18,180141,0,1,9
18,180147,0,1,0
18,180177,0,1,9
18,180189,0,1,0
18,180200,0,1,2
18,180200,0,2,2
18,180204,0,1,0
18,180214,0,1,1
18,180228,0,1,0
18,180236,0,1,0
18,180263,0,1,0
18,180263,0,2,0
18,180279,0,1,9
18,180296,0,1,0
18,180298,0,1,98
18,180303,0,1,99
18,180306,0,1,0
18,180310,0,1,99
18,180322,0,1,99
18,180362,0,1,99
18,180369,0,1,0
18,180371,0,1,0
18,180400,0,1,99
18,180413,0,1,99
18,180416,0,1,0
18,180421,0,1,99
18,180438,0,1,99
18,180452,0,1,99
18,180461,0,1,99
18,180462,0,1,0
18,180481,0,1,0
18,180496,0,1,9
18,180498,0,1,0
18,180512,0,1,9
18,180515,0,1,0
18,180519,0,1,0
18,180521,0,1,99
18,180544,0,1,99
18,180546,0,1,99
18,180561,0,1,99
18,180571,0,1,0
18,180571,0,2,0
18,180596,0,1,0
18,180610,0,1,9
18,180616,0,1,5
18,180618,0,1,0
18,180625,0,1,0
18,180626,0,1,0
18,180628,0,1,0
18,180628,0,2,0
18,180631,0,1,8
18,180643,0,1,99
18,180652,0,1,99
18,180653,0,1,99
18,180653,0,2,99
18,180655,0,1,99
18,180672,0,1,99
18,180680,0,1,0
18,180688,0,1,0
18,180688,0,2,0
18,180689,0,1,0
18,180690,0,1,99
18,180690,0,2,99
18,180696,0,1,99
18,180696,0,2,99
18,180696,0,3,99
18,180696,0,4,99
18,180709,0,1,99
19,190042,0,1,0
19,190042,0,2,0
19,190048,0,1,0
19,190085,0,1,0
19,190091,0,1,0
19,190102,0,1,0
19,190126,0,1,9
19,190135,0,1,0
19,190138,0,1,0
19,190149,0,1,0
19,190181,0,1,0
19,190182,0,1,0
19,190198,0,1,9
19,190208,0,1,0
19,190217,0,1,0
19,190219,0,1,0
19,190237,0,1,0
19,190247,0,1,0
19,190262,0,1,0
19,190273,0,1,0
19,190274,0,1,0
19,190275,0,1,0
19,190283,0,1,0
19,190291,0,1,8
19,190337,0,1,9
19,190343,0,1,99
19,190344,0,1,5
19,190350,0,1,0
20,200015,0,1,98
20,200068,0,1,0
20,200073,0,1,99
20,200102,0,1,9
20,200105,0,1,9
20,200105,0,2,0
20,200131,0,1,99
20,200163,0,1,99
20,200181,0,1,0
20,200258,0,1,0
20,200265,0,1,99
20,200278,0,1,0
20,200284,0,1,98
20,200284,0,2,98
20,200284,0,3,98
20,200284,0,4,98
20,200334,0,1,99
20,200339,0,1,9
20,200339,0,2,9
20,200356,0,1,99
20,200370,0,1,99
20,200382,0,1,99
20,200387,0,1,9
21,210015,0,1,9
21,210016,0,1,0
21,210028,0,1,0
21,210031,0,1,0
21,210031,0,2,0
21,210031,0,3,0
21,210031,0,4,0
21,210035,0,1,9
21,210046,0,1,0
21,210056,0,1,0
21,210074,0,1,9
21,210074,0,1,10
21,210076,0,1,0
21,210106,0,1,0
21,210126,0,1,0
21,210128,0,1,0
21,210128,0,2,0
21,210136,0,1,0
21,210145,0,1,8
21,210160,0,1,0
21,210164,0,1,0
21,210167,0,1,3
21,210175,0,1,5
21,210181,0,1,0
21,210187,0,1,0
21,210189,0,1,9
21,210193,0,1,0
21,210212,0,1,0
21,210218,0,1,0
21,210249,0,1,8
21,210254,0,1,9
21,210264,0,1,0
21,210300,0,1,0
21,210326,0,1,9
21,210329,0,1,0
21,210334,0,1,9
21,210337,0,1,0
21,210351,0,1,0
21,210351,0,2,0
21,210361,0,1,0
21,210391,0,1,0
21,210405,0,1,0
21,210415,0,1,0
21,210425,0,1,0
21,210426,0,1,0
21,210427,0,1,0
21,210428,0,1,0
21,210431,0,1,9
21,210437,0,1,0
21,210489,0,1,0
21,210492,0,1,98
21,210501,0,1,0
21,210509,0,1,0
21,210532,0,1,0
21,210540,0,1,0
21,210541,0,1,98
21,210542,0,1,0
21,210563,0,1,0
21,210564,0,1,0
21,210604,0,1,0
21,210605,0,1,9
21,210611,0,1,0
21,210615,0,1,0
21,210615,0,2,0
21,210637,0,1,0
21,210645,0,1,0
21,210654,0,1,0
21,210658,0,1,0
21,210659,0,1,0
21,210660,0,1,0
21,210673,0,1,9
21,210679,0,1,0
22,220001,0,1,9
22,220005,0,1,0
22,220011,0,1,0
22,220020,0,1,9
22,220021,0,1,99
22,220024,0,1,99
22,220025,0,1,9
22,220032,0,1,1
22,220032,0,1,9
22,220035,0,1,5
22,220036,0,1,99
22,220037,0,1,0
22,220041,0,1,9
22,220047,0,1,9
22,220050,0,1,9
22,220057,0,1,9
22,220067,0,1,9
22,220115,0,1,0
22,220119,0,1,9
22,220122,0,1,99
22,220131,0,1,3
22,220133,0,1,9
22,220136,0,1,99
22,220156,0,1,99
22,220158,0,1,99
22,220175,0,1,9
22,220179,0,1,9
22,220183,0,1,5
22,220212,0,1,99
22,220212,0,2,99
22,220213,0,1,99
22,220220,0,1,99
22,220242,0,1,0
22,220242,0,2,0
22,220259,0,1,9
22,220310,0,1,5
22,220310,0,1,9
22,220322,0,1,99
22,220324,0,1,99
22,220333,0,1,99
22,220339,0,1,8
22,220343,0,1,9
22,220346,0,1,2
22,220346,0,1,9
22,220352,0,1,9
22,220352,0,2,0
22,220352,0,3,0
22,220366,0,1,99
22,220394,0,1,0
22,220394,0,2,0
22,220400,0,1,96
22,220411,0,1,99
22,220421,0,1,0
22,220437,0,1,9
22,220439,0,1,0
22,220444,0,1,0
22,220450,0,1,9
22,220455,0,1,9
22,220458,0,1,0
22,220471,0,1,96
22,220475,0,1,99
22,220485,0,1,99
22,220492,0,1,0
22,220493,0,1,9
22,220493,0,2,99
22,220504,0,1,9
22,220506,0,1,98
22,220513,0,1,99
22,220526,0,1,98
22,220530,0,1,99
22,220533,0,1,99
22,220534,0,1,99
22,220538,0,1,9
22,220541,0,1,99
22,220547,0,1,99
22,220558,0,1,99
22,220560,0,1,4
22,220560,0,1,9
22,220561,0,1,8
22,220563,0,1,98
22,220567,0,1,8
22,220567,0,1,9
22,220568,0,1,99
22,220570,0,1,99
22,220589,0,1,0
22,220593,0,1,99
22,220596,0,1,4
22,220597,0,1,99
22,220598,0,1,99
22,220601,0,1,5
22,220601,0,1,9
22,220602,0,1,99
22,220609,0,1,99
22,220616,0,1,99
22,220625,0,1,99
22,220631,0,1,99
22,220637,0,1,99
22,220638,0,1,99
22,220646,0,1,0
22,220647,0,1,99
22,220649,0,1,99
22,220652,0,1,9
23,230002,0,1,0
23,230010,0,1,0
23,230022,0,1,0
23,230038,0,1,98
23,230038,0,2,98
23,230075,0,1,0
23,230086,0,1,98
23,230090,0,1,0
23,230100,0,1,0
23,230108,0,1,0
23,230109,0,1,0
23,230112,0,1,0
23,230125,0,1,0
23,230140,0,1,0
24,240001,0,1,98
24,240002,0,1,9
24,240004,0,1,0
24,240005,0,1,0
24,240009,0,1,0
24,240010,0,1,99
24,240012,0,1,0
24,240013,0,1,99
24,240014,0,1,99
24,240018,0,1,9
24,240018,0,2,0
24,240019,0,1,0
24,240020,0,1,0
24,240025,0,1,9
24,240027,0,1,0
24,240036,0,1,9
24,240044,0,1,0
24,240045,0,1,0
24,240047,0,1,0
24,240052,0,1,98
24,240058,0,1,0
24,240058,0,2,0
24,240068,0,1,99
24,240068,0,2,0
24,240069,0,1,0
24,240086,0,1,0
24,240086,0,2,0
24,240086,0,3,0
24,240086,0,4,0
24,240091,0,1,99
24,240103,0,1,0
24,240109,0,1,0
24,240112,0,1,0
24,240119,0,1,9
24,240120,0,1,0
24,240125,0,1,0
24,240135,0,1,0
24,240138,0,1,98
24,240139,0,1,9
24,240145,0,1,0
24,240147,0,1,0
24,240150,0,1,0
24,240157,0,1,99
24,240163,0,1,9
24,240167,0,1,4
24,240168,0,1,99
24,240173,0,1,99
24,240174,0,1,0
24,240175,0,1,98
24,240176,0,1,9
24,240178,0,1,0
24,240188,0,1,0
24,240193,0,1,99
24,240198,0,1,99
24,240199,0,1,0
24,240206,0,1,99
24,240208,0,1,0
24,240210,0,1,0
24,240213,0,1,9
24,240214,0,1,99
24,240222,0,1,0
24,240226,0,1,0
24,240236,0,1,99
24,240241,0,1,9
24,240253,0,1,99
24,240262,0,1,0
24,240270,0,1,9
24,240277,0,1,0
24,240277,0,2,0
24,240277,0,3,0
24,240279,0,1,0
24,240279,0,2,0
24,240279,0,3,0
24,240289,0,1,99
24,240291,0,1,0
24,240296,0,1,98
24,240300,0,1,0
24,240302,0,1,0
24,240304,0,1,98
24,240314,0,1,0
24,240319,0,1,1
24,240320,0,1,99
24,240328,0,1,9
24,240329,0,1,99
24,240330,0,1,98
24,240332,0,1,0
24,240333,0,1,99
24,240334,0,1,0
24,240338,0,1,99
24,240339,0,1,99
24,240339,0,2,99
24,240340,0,1,0
24,240342,0,1,0
24,240348,0,1,0
24,240350,0,1,99
24,240351,0,1,0
24,240351,0,2,0
24,240354,0,1,0
24,240358,0,1,0
24,240358,0,2,0
24,240358,0,3,0
24,240359,0,1,0
24,240364,0,1,0
24,240366,0,1,0
24,240372,0,1,0
24,240378,0,1,0
24,240390,0,1,0
24,240392,0,1,99
24,240403,0,1,0
24,240406,0,1,9
24,240408,0,1,0
24,240408,0,2,0
24,240413,0,1,0
24,240414,0,1,0
24,240416,0,1,0
24,240421,0,1,0
24,240421,0,2,0
24,240425,0,1,0
24,240428,0,1,0
24,240436,0,1,0
24,240447,0,1,99
24,240447,0,2,99
24,240447,0,3,99
24,240452,0,1,0
24,240459,0,1,0
24,240466,0,1,99
25,250002,0,1,99
25,250005,0,1,9
25,250012,0,1,99
25,250013,0,1,0
25,250014,0,1,0
25,250017,0,1,99
25,250018,0,1,0
25,250042,0,1,98
25,250043,0,1,98
25,250054,0,1,0
25,250059,0,1,99
25,250060,0,1,99
25,250067,0,1,99
25,250069,0,1,0
25,250070,0,1,98
25,250071,0,1,9
25,250072,0,1,0
25,250073,0,1,0
25,250087,0,1,0
25,250088,0,1,98
25,250096,0,1,0
25,250100,0,1,0
25,250102,0,1,0
25,250103,0,1,0
25,250107,0,1,9
25,250108,0,1,0
25,250110,0,1,0
25,250112,0,1,98
25,250115,0,1,0
25,250128,0,1,0
25,250133,0,1,98
25,250140,0,1,0
25,250142,0,1,99
25,250155,0,1,98
25,250157,0,1,0
25,250164,0,1,0
25,250172,0,1,0
25,250174,0,1,98
25,250180,0,1,9
25,250181,0,1,0
25,250184,0,1,0
25,250187,0,1,99
25,250188,0,1,0
25,250190,0,1,99
25,250194,0,1,99
25,250195,0,1,0
25,250202,0,1,9
25,250203,0,1,0
25,250204,0,1,0
25,250206,0,1,0
25,250218,0,1,0
25,250222,0,1,0
25,250224,0,1,0
25,250227,0,1,0
25,250239,0,1,0
25,250240,0,1,0
25,250243,0,1,10
25,250249,0,1,0
25,250252,0,1,0
25,250258,0,1,98
25,250262,0,1,98
25,250275,0,1,99
25,250277,0,1,0
25,250286,0,1,98
25,250291,0,1,0
25,250291,0,2,0
25,250291,0,3,0
25,250295,0,1,98
25,250297,0,1,98
25,250313,0,1,0
25,250314,0,1,0
25,250315,0,1,0
25,250316,0,1,0
25,250318,0,1,0
25,250321,0,1,0
25,250328,0,1,0
25,250328,0,2,0
25,250329,0,1,0
25,250330,0,1,0
25,250331,0,1,0
25,250332,0,1,99
25,250334,0,1,99
26,260014,0,1,0
26,260016,0,1,98
26,260027,0,1,98
26,260028,0,1,9
26,260036,0,1,9
26,260043,0,1,98
26,260044,0,1,9
26,260049,0,1,0
26,260050,0,1,9
26,260062,0,1,98
26,260069,0,1,0
26,260085,0,1,9
26,260091,0,1,0
26,260094,0,1,0
26,260101,0,1,0
26,260106,0,1,98
26,260107,0,1,99
26,260107,0,2,99
26,260108,0,1,9
26,260111,0,1,98
26,260115,0,1,0
26,260122,0,1,9
26,260126,0,1,99
26,260129,0,1,9
26,260132,0,1,9
26,260146,0,1,98
26,260148,0,1,0
26,260151,0,1,99
26,260152,0,1,0
26,260153,0,1,98
26,260153,0,2,98
26,260161,0,1,0
26,260161,0,2,0
26,260165,0,1,98
26,260167,0,1,99
26,260178,0,1,99
26,260181,0,1,0
26,260181,0,2,0
26,260184,0,1,9
26,260185,0,1,9
26,260187,0,1,0
26,260200,0,1,0
26,260201,0,1,0
26,260211,0,1,9
26,260222,0,1,0
26,260226,0,1,9
26,260227,0,1,99
26,260238,0,1,4
26,260241,0,1,99
26,260244,0,1,6
26,260249,0,1,99
26,260250,0,1,8
26,260252,0,1,9
26,260254,0,1,99
26,260257,0,1,99
26,260260,0,1,99
26,260261,0,1,0
26,260267,0,1,99
26,260273,0,1,99
26,260283,0,1,99
26,260293,0,1,8
26,260295,0,1,99
26,260303,0,1,99
26,260312,0,1,99
26,260316,0,1,99
26,260323,0,1,0
26,260331,0,1,0
26,260339,0,1,99
26,260349,0,1,99
26,260359,0,1,99
26,260362,0,1,99
26,260365,0,1,99
26,260378,0,1,0
26,260386,0,1,99
26,260396,0,1,99
26,260400,0,1,9
26,260402,0,1,99
26,260409,0,1,99
26,260410,0,1,99
26,260416,0,1,0
26,260423,0,1,99
26,260427,0,1,99
26,260427,0,2,99
26,260435,0,1,99
26,260437,0,1,9
26,260438,0,1,99
26,260450,0,1,99
26,260453,0,1,99
26,260453,0,2,0
26,260460,0,1,99
26,260461,0,1,99
26,260462,0,1,0
26,260466,0,1,99
26,260481,0,1,99
26,260484,0,1,99
26,260488,0,1,9
26,260489,0,1,99
26,260494,0,1,99
26,260504,0,1,99
26,260505,0,1,0
26,260505,0,2,0
26,260507,0,1,99
26,260509,0,1,99
26,260527,0,1,98
26,260535,0,1,99
26,260541,0,1,99
26,260554,0,1,99
26,260558,0,1,99
26,260571,0,1,0
26,260581,0,1,99
26,260592,0,1,98
26,260595,0,1,98
26,260618,0,1,0
26,260624,0,1,98
26,260624,0,2,98
26,260631,0,1,99
26,260636,0,1,0
26,260648,0,1,99
26,260649,0,1,99
26,260658,0,1,99
26,260662,0,1,98
26,260663,0,1,98
26,260665,0,1,98
26,260675,0,1,99
26,260678,0,1,9
26,260682,0,1,99
26,260685,0,1,99
26,260687,0,1,0
26,260701,0,1,98
26,260730,0,1,99
26,260733,0,1,9
26,260741,0,1,98
26,260746,0,1,99
26,260750,0,1,99
26,260759,0,1,99
26,260771,0,1,0
26,260772,0,1,98
26,260773,0,1,99
26,260774,0,1,0
26,260776,0,1,98
26,260776,0,2,99
26,260777,0,1,99
26,260780,0,1,9
26,260781,0,1,98
26,260783,0,1,99
26,260787,0,1,0
26,260789,0,1,98
26,260793,0,1,99
26,260797,0,1,9
26,260800,0,1,99
26,260800,0,2,99
26,260806,0,1,99
26,260808,0,1,98
26,260815,0,1,0
26,260819,0,1,99
26,260831,0,1,99
26,260834,0,1,99
26,260840,0,1,98
26,260843,0,1,99
26,260847,0,1,99
26,260849,0,1,98
26,260850,0,1,98
26,260853,0,1,99
26,260858,0,1,98
26,260858,0,2,98
26,260860,0,1,99
26,260862,0,1,98
26,260864,0,1,98
26,260867,0,1,98
26,260868,0,1,98
26,260870,0,1,98
26,260874,0,1,0
26,260876,0,1,9
26,260884,0,1,98
26,260890,0,1,98
26,260891,0,1,98
26,260900,0,1,99
27,270011,0,1,99
27,270030,0,1,0
27,270031,0,1,0
27,270038,0,1,98
27,270042,0,1,99
27,270047,0,1,98
27,270051,0,1,9
27,270055,0,1,0
27,270059,0,1,0
27,270066,0,1,98
27,270083,0,1,99
27,270095,0,1,99
27,270098,0,1,99
27,270108,0,1,0
27,270110,0,1,99
27,270123,0,1,0
27,270131,0,1,99
27,270137,0,1,9
27,270139,0,1,0
27,270142,0,1,0
27,270166,0,1,9
27,270186,0,1,0
27,270198,0,1,99
27,270217,0,1,9
27,270239,0,1,99
27,270254,0,1,0
27,270260,0,1,98
27,270265,0,1,98
27,270266,0,1,99
27,270293,0,1,0
27,270298,0,1,99
27,270301,0,1,99
27,270309,0,1,0
27,270311,0,1,0
27,270312,0,1,99
27,270315,0,1,98
27,270315,0,2,98
27,270317,0,1,8
27,270318,0,1,0
27,270322,0,1,0
27,270329,0,1,98
27,270329,0,2,98
27,270343,0,1,0
27,270345,0,1,99
27,270345,0,2,99
27,270352,0,1,0
27,270367,0,1,98
27,270370,0,1,99
28,280012,0,1,9
28,280018,0,1,99
28,280018,0,2,99
28,280024,0,1,0
28,280030,0,1,0
28,280037,0,1,9
28,280051,0,1,0
28,280052,0,1,0
28,280066,0,1,0
28,280081,0,1,0
28,280085,0,1,0
28,280100,0,1,0
28,280120,0,1,0
28,280122,0,1,0
28,280142,0,1,0
28,280155,0,1,0
28,280171,0,1,0
28,280193,0,1,0
28,280248,0,1,0
28,280250,0,1,0
28,280261,0,1,0
28,280280,0,1,0
28,280282,0,1,0
28,280289,0,1,0
28,280296,0,1,0
28,280327,0,1,0
28,280328,0,1,0
28,280343,0,1,0
28,280363,0,1,0
28,280375,0,1,0
28,280375,0,2,0
28,280377,0,1,0
28,280385,0,1,0
28,280403,0,1,0
28,280431,0,1,0
28,280447,0,1,0
28,280454,0,1,0
28,280454,0,2,0
28,280460,0,1,0
28,280465,0,1,0
28,280469,0,1,0
28,280474,0,1,0
28,280482,0,1,0
28,280484,0,1,0
28,280496,0,1,0
28,280499,0,1,0
28,280500,0,1,0
28,280520,0,1,0
28,280524,0,1,0
28,280530,0,1,0
28,280533,0,1,0
28,280549,0,1,0
28,280562,0,1,0
28,280575,0,1,0
29,290008,0,1,0
29,290017,0,1,0
29,290042,0,1,8
29,290043,0,1,9
29,290067,0,1,0
29,290091,0,1,0
29,290109,0,1,0
29,290119,0,1,9
29,290152,0,1,0
29,290194,0,1,0
29,290202,0,1,9
29,290206,0,1,0
29,290210,0,1,0
29,290231,0,1,0
29,290248,0,1,9
29,290283,0,1,98
29,290294,0,1,4
29,290297,0,1,9
29,290307,0,1,0
29,290312,0,1,99
29,290323,0,1,0
29,290324,0,1,0
29,290329,0,1,0
29,290330,0,1,0
29,290334,0,1,0
29,290338,0,1,0
29,290341,0,1,9
29,290357,0,1,0
29,290365,0,1,0
29,290370,0,1,9
29,290378,0,1,0
29,290396,0,1,0
29,290425,0,1,0
29,290427,0,1,0
29,290445,0,1,1
29,290445,0,1,2
29,290445,0,1,9
29,290477,0,1,0
29,290479,0,1,0
29,290489,0,1,0
29,290495,0,1,0
29,290495,0,2,0
29,290503,0,1,0
29,290527,0,1,0
29,290546,0,1,9
29,290547,0,1,0
29,290549,0,1,0
29,290556,0,1,0
29,290568,0,1,0
29,290572,0,1,0
29,290582,0,1,0
29,290586,0,1,0
29,290589,0,1,0
29,290636,0,1,99
29,290646,0,1,9
29,290666,0,1,0
29,290671,0,1,0
29,290673,0,1,0
29,290676,0,1,0
29,290680,0,1,0
29,290681,0,1,0
29,290716,0,1,0
29,290720,0,1,4
29,290730,0,1,0
29,290731,0,1,0
29,290735,0,1,0
29,290761,0,1,8
29,290761,0,1,9
29,290768,0,1,0
29,290792,0,1,0
30,300020,0,1,0
30,300031,0,1,10
30,300077,0,1,98
30,300105,0,1,98
30,300111,0,1,0
30,300119,0,1,9
30,300119,0,2,9
30,300138,0,1,9
30,300152,0,1,9
30,300153,0,1,99
31,310007,0,1,98
31,310010,0,1,98
31,310010,0,2,98
31,310017,0,1,0
31,310023,0,1,0
31,310030,0,1,8
31,310059,0,1,9
31,310060,0,1,0
31,310143,0,1,0
31,310154,0,1,99
31,310163,0,1,98
32,320001,0,1,9
32,320022,0,1,0
32,320022,0,2,0
32,320022,0,3,0
32,320022,0,4,0
32,320022,0,5,0
32,320022,0,6,0
32,320022,0,7,0
32,320022,0,8,0
32,320026,0,1,9
32,320028,0,1,3
32,320045,0,1,9
32,320051,0,1,0
32,320051,0,2,0
32,320056,0,1,9
32,320060,0,1,0
32,320063,0,1,0
32,320067,0,1,0
32,320068,0,1,0
32,320069,0,1,9
32,320075,0,1,0
32,320106,0,1,0
32,320107,0,1,0
32,320108,0,1,3
32,320112,0,1,9
32,320113,0,1,9
32,320115,0,1,8
32,320115,0,1,9
32,320120,0,1,99
32,320130,0,1,4
32,320131,0,1,0
32,320133,0,1,0
32,320143,0,1,9
32,320151,0,1,99
32,320156,0,1,99
32,320171,0,1,9
32,320173,0,1,0
32,320178,0,1,9
32,320179,0,1,0
32,320191,0,1,9
32,320192,0,1,9
32,320194,0,1,0
32,320195,0,1,9
32,320196,0,1,0
32,320199,0,1,9
32,320203,0,1,9
32,320206,0,1,0
32,320213,0,1,99
32,320221,0,1,9
32,320222,0,1,0
32,320223,0,1,9
32,320227,0,1,9
32,320228,0,1,4
32,320231,0,1,0
32,320236,0,1,0
32,320238,0,1,0
33,330006,0,1,0
33,330025,0,1,9
33,330027,0,1,0
33,330047,0,1,0
33,330084,0,1,9
33,330093,0,1,0
33,330098,0,1,0
33,330116,0,1,0
33,330118,0,1,0
34,340002,0,1,99
34,340004,0,1,0
34,340010,0,1,0
34,340015,0,1,0
34,340018,0,1,0
34,340022,0,1,98
34,340039,0,1,0
34,340040,0,1,0
34,340042,0,1,98
34,340045,0,1,9
34,340047,0,1,0
34,340048,0,1,0
34,340050,0,1,0
34,340051,0,1,8
34,340051,0,1,9
34,340052,0,1,8
34,340053,0,1,9
34,340055,0,1,0
34,340056,0,1,0
34,340064,0,1,0
34,340067,0,1,0
34,340068,0,1,0
34,340070,0,1,0
34,340071,0,1,0
34,340075,0,1,99
34,340082,0,1,9
34,340084,0,1,0
34,340098,0,1,9
34,340107,0,1,0
34,340108,0,1,0
34,340110,0,1,0
34,340114,0,1,0
34,340116,0,1,0
34,340118,0,1,0
34,340125,0,1,99
34,340132,0,1,0
34,340134,0,1,0
34,340135,0,1,0
34,340137,0,1,9
34,340140,0,1,0
34,340147,0,1,0
34,340150,0,1,0
34,340152,0,1,0
34,340153,0,1,0
34,340165,0,1,9
34,340172,0,1,9
34,340173,0,1,9
34,340177,0,1,0
34,340178,0,1,0
34,340184,0,1,0
34,340186,0,1,9
34,340188,0,1,99
34,340190,0,1,0
34,340192,0,1,9
34,340196,0,1,99
34,340210,0,1,8
34,340210,0,1,96
34,340211,0,1,99
34,340213,0,1,0
34,340213,0,2,0
34,340214,0,1,0
34,340220,0,1,9
34,340222,0,1,0
34,340238,0,1,0
34,340251,0,1,9
34,340257,0,1,0
34,340258,0,1,0
34,340264,0,1,0
34,340266,0,1,0
34,340269,0,1,0
34,340272,0,1,9
34,340273,0,1,0
34,340274,0,1,0
34,340279,0,1,0
34,340281,0,1,99
34,340284,0,1,0
34,340288,0,1,0
34,340293,0,1,0
34,340306,0,1,0
34,340312,0,1,0
34,340314,0,1,0
34,340324,0,1,0
34,340326,0,1,0
34,340333,0,1,0
34,340340,0,1,0
34,340343,0,1,9
34,340354,0,1,99
34,340358,0,1,0
34,340359,0,1,0
34,340361,0,1,0
34,340371,0,1,99
34,340372,0,1,7
34,340374,0,1,0
34,340375,0,1,0
34,340376,0,1,9
34,340381,0,1,96
34,340387,0,1,9
34,340394,0,1,9
34,340396,0,1,99
34,340397,0,1,0
34,340402,0,1,0
34,340404,0,1,9
34,340413,0,1,0
34,340414,0,1,0
34,340427,0,1,0
34,340429,0,1,0
34,340430,0,1,0
34,340432,0,1,0
34,340435,0,1,0
34,340437,0,1,0
34,340439,0,1,0
34,340440,0,1,99
34,340444,0,1,0
34,340446,0,1,98
34,340450,0,1,3
34,340452,0,1,0
34,340455,0,1,0
34,340459,0,1,8
34,340464,0,1,0
34,340468,0,1,0
34,340469,0,1,0
34,340470,0,1,96
34,340473,0,1,99
34,340474,0,1,99
34,340475,0,1,0
34,340476,0,1,0
34,340480,0,1,9
34,340482,0,1,0
34,340484,0,1,0
34,340491,0,1,0
34,340493,0,1,0
34,340494,0,1,0
34,340494,0,2,0
34,340494,0,3,0
34,340495,0,1,99
34,340499,0,1,0
34,340501,0,1,9
34,340502,0,1,0
34,340508,0,1,9
34,340509,0,1,0
34,340511,0,1,99
34,340512,0,1,0
34,340513,0,1,0
34,340514,0,1,0
34,340520,0,1,0
34,340525,0,1,99
34,340527,0,1,0
34,340530,0,1,9
34,340533,0,1,0
34,340538,0,1,0
34,340544,0,1,0
34,340545,0,1,99
34,340548,0,1,8
34,340550,0,1,1
34,340551,0,1,0
34,340553,0,1,0
34,340554,0,1,0
35,350024,0,1,9
35,350035,0,1,0
35,350041,0,1,9
35,350044,0,1,0
35,350072,0,1,0
35,350078,0,1,9
35,350079,0,1,0
35,350081,0,1,0
35,350090,0,1,0
35,350093,0,1,9
35,350095,0,1,9
35,350098,0,1,9
35,350099,0,1,9
35,350103,0,1,0
35,350106,0,1,9
35,350106,0,2,0
35,350126,0,1,9
35,350157,0,1,0
35,350160,0,1,0
35,350162,0,1,9
35,350167,0,1,9
35,350180,0,1,0
35,350184,0,1,9
35,350192,0,1,0
35,350205,0,1,9
35,350224,0,1,0
35,350225,0,1,9
35,350229,0,1,0
35,350230,0,1,0
35,350236,0,1,0
35,350248,0,1,0
35,350250,0,1,9
35,350258,0,1,0
35,350262,0,1,0
35,350263,0,1,9
35,350264,0,1,0
35,350275,0,1,0
35,350291,0,1,0
35,350294,0,1,9
35,350295,0,1,0
35,350295,0,2,0
35,350298,0,1,9
35,350313,0,1,0
36,360008,0,1,0
36,360009,0,1,98
36,360013,0,1,98
36,360018,0,1,98
36,360022,0,1,98
36,360028,0,1,98
36,360030,0,1,98
36,360031,0,1,98
36,360032,0,1,0
36,360037,0,1,98
36,360050,0,1,0
36,360061,0,1,98
36,360067,0,1,0
36,360074,0,1,0
36,360077,0,1,0
36,360079,0,1,0
36,360083,0,1,0
36,360084,0,1,0
36,360085,0,1,0
36,360089,0,1,0
36,360090,0,1,0
36,360091,0,1,0
36,360092,0,1,0
36,360093,0,1,0
36,360095,0,1,0
36,360097,0,1,0
36,360098,0,1,0
36,360099,0,1,0
36,360100,0,1,0
36,360109,0,1,0
36,360113,0,1,0
36,360126,0,1,0
36,360126,0,2,0
36,360127,0,1,0
36,360129,0,1,0
36,360130,0,1,0
36,360132,0,1,0
36,360138,0,1,98
36,360153,0,1,98
36,360155,0,1,0
36,360165,0,1,0
36,360166,0,1,0
36,360167,0,1,0
36,360170,0,1,0
36,360176,0,1,0
36,360177,0,1,0
36,360178,0,1,0
36,360179,0,1,0
36,360184,0,1,0
36,360188,0,1,0
36,360191,0,1,0
36,360191,0,2,0
36,360191,0,3,0
36,360192,0,1,0
36,360193,0,1,0
36,360194,0,1,0
36,360196,0,1,0
36,360199,0,1,98
36,360211,0,1,98
36,360214,0,1,0
36,360216,0,1,99
36,360217,0,1,0
36,360218,0,1,3
36,360219,0,1,0
36,360224,0,1,0
36,360227,0,1,0
36,360229,0,1,0
36,360229,0,2,0
36,360230,0,1,0
36,360231,0,1,0
36,360232,0,1,0
36,360235,0,1,0
36,360237,0,1,0
36,360244,0,1,9
36,360248,0,1,0
36,360249,0,1,0
36,360259,0,1,0
36,360262,0,1,0
36,360264,0,1,0
36,360268,0,1,0
36,360269,0,1,0
36,360270,0,1,0
36,360271,0,1,0
36,360284,0,1,0
36,360290,0,1,0
36,360294,0,1,0
36,360295,0,1,0
36,360296,0,1,0
36,360305,0,1,0
36,360308,0,1,0
36,360311,0,1,0
36,360324,0,1,0
36,360326,0,1,0
36,360327,0,1,0
36,360339,0,1,0
36,360346,0,1,98
36,360347,0,1,98
36,360349,0,1,98
36,360351,0,1,98
36,360362,0,1,98
36,360365,0,1,98
36,360374,0,1,98
36,360378,0,1,9
36,360385,0,1,0
36,360392,0,1,0
36,360397,0,1,99
36,360398,0,1,98
36,360409,0,1,0
36,360412,0,1,98
36,360414,0,1,0
36,360426,0,1,9
36,360430,0,1,0
36,360432,0,1,0
36,360433,0,1,0
36,360436,0,1,98
36,360437,0,1,0
36,360442,0,1,0
36,360444,0,1,0
36,360445,0,1,0
36,360453,0,1,0
36,360463,0,1,0
36,360473,0,1,0
36,360476,0,1,0
36,360478,0,1,0
36,360480,0,1,0
36,360487,0,1,0
36,360492,0,1,0
36,360492,0,2,0
36,360492,0,3,0
36,360504,0,1,0
36,360505,0,1,0
36,360508,0,1,0
36,360511,0,1,99
36,360514,0,1,99
36,360516,0,1,0
36,360517,0,1,0
36,360518,0,1,0
36,360521,0,1,0
36,360525,0,1,0
36,360527,0,1,0
36,360528,0,1,0
36,360529,0,1,0
36,360530,0,1,0
36,360538,0,1,0
36,360539,0,1,0
36,360540,0,1,0
36,360541,0,1,0
36,360542,0,1,0
36,360543,0,1,0
36,360548,0,1,0
36,360550,0,1,0
36,360560,0,1,0
36,360564,0,1,99
36,360566,0,1,0
36,360571,0,1,0
36,360574,0,1,0
36,360575,0,1,0
36,360583,0,1,0
36,360584,0,1,0
36,360584,0,2,0
36,360585,0,1,9
36,360590,0,1,0
36,360596,0,1,0
36,360597,0,1,0
36,360598,0,1,0
36,360602,0,1,0
36,360607,0,1,0
36,360610,0,1,0
36,360614,0,1,0
36,360617,0,1,0
36,360625,0,1,0
36,360626,0,1,0
36,360631,0,1,0
36,360631,0,2,0
36,360631,0,3,0
36,360633,0,1,0
36,360634,0,1,9
36,360637,0,1,0
36,360643,0,1,0
36,360645,0,1,0
36,360656,0,1,0
36,360657,0,1,0
36,360658,0,1,0
36,360659,0,1,0
36,360660,0,1,0
36,360662,0,1,0
36,360663,0,1,0
36,360668,0,1,4
36,360675,0,1,0
36,360678,0,1,0
36,360683,0,1,0
36,360684,0,1,99
36,360684,0,2,0
36,360685,0,1,0
36,360688,0,1,0
36,360689,0,1,0
36,360694,0,1,0
36,360697,0,1,0
36,360702,0,1,0
36,360709,0,1,99
36,360711,0,1,0
36,360716,0,1,0
36,360719,0,1,0
36,360719,0,2,0
36,360719,0,3,0
36,360723,0,1,0
36,360724,0,1,99
36,360725,0,1,0
36,360726,0,1,99
36,360728,0,1,99
36,360732,0,1,0
36,360739,0,1,0
36,360740,0,1,0
36,360743,0,1,98
36,360744,0,1,98
36,360747,0,1,0
36,360751,0,1,0
36,360752,0,1,0
36,360754,0,1,0
36,360755,0,1,0
36,360759,0,1,1
36,360761,0,1,0
36,360763,0,1,0
36,360764,0,1,0
36,360765,0,1,0
36,360765,0,2,0
36,360775,0,1,0
36,360778,0,1,0
36,360779,0,1,0
36,360779,0,2,0
36,360779,0,3,0
36,360780,0,1,0
36,360784,0,1,0
36,360792,0,1,0
36,360794,0,1,0
36,360795,0,1,0
36,360798,0,1,0
36,360799,0,1,0
36,360803,0,1,0
36,360806,0,1,0
36,360808,0,1,0
36,360811,0,1,0
36,360824,0,1,0
36,360826,0,1,0
36,360828,0,1,0
36,360830,0,1,0
36,360839,0,1,0
36,360844,0,1,0
36,360846,0,1,0
36,360847,0,1,0
36,360849,0,1,0
36,360855,0,1,9
36,360856,0,1,0
36,360857,0,1,0
36,360869,0,1,0
36,360872,0,1,0
36,360873,0,1,0
36,360876,0,1,0
36,360879,0,1,0
36,360886,0,1,0
36,360887,0,1,98
36,360888,0,1,0
36,360891,0,1,98
36,360893,0,1,98
36,360899,0,1,0
36,360900,0,1,0
36,360900,0,2,0
36,360900,0,3,0
36,360900,0,4,0
36,360900,0,5,0
36,360900,0,6,0
36,360900,0,7,0
36,360906,0,1,98
36,360913,0,1,0
36,360914,0,1,98
36,360921,0,1,0
36,360923,0,1,0
36,360926,0,1,0
36,360939,0,1,0
36,360944,0,1,0
36,360949,0,1,0
36,360953,0,1,0
36,360954,0,1,0
36,360956,0,1,0
36,360961,0,1,9
36,360966,0,1,0
36,360967,0,1,0
36,360969,0,1,0
36,360976,0,1,0
36,360979,0,1,0
36,360982,0,1,0
36,360987,0,1,0
36,360990,0,1,0
36,360992,0,1,0
36,360995,0,1,0
36,360996,0,1,0
36,360997,0,1,0
36,360998,0,1,9
36,361000,0,1,0
36,361009,0,1,0
36,361009,0,2,0
36,361013,0,1,0
36,361017,0,1,0
36,361018,0,1,0
36,361019,0,1,0
36,361020,0,1,0
36,361028,0,1,0
36,361031,0,1,0
36,361032,0,1,0
36,361033,0,1,0
36,361034,0,1,0
36,361039,0,1,0
36,361041,0,1,0
36,361047,0,1,0
36,361049,0,1,8
36,361051,0,1,0
36,361051,0,2,0
36,361052,0,1,0
36,361058,0,1,0
36,361059,0,1,0
36,361060,0,1,0
36,361062,0,1,0
36,361063,0,1,3
36,361064,0,1,0
36,361065,0,1,0
36,361067,0,1,0
36,361068,0,1,0
36,361069,0,1,0
36,361070,0,1,0
36,361071,0,1,0
36,361072,0,1,0
36,361073,0,1,0
36,361075,0,1,0
36,361080,0,1,0
36,361086,0,1,0
36,361088,0,1,0
36,361088,0,2,0
36,361090,0,1,0
36,361091,0,1,0
36,361092,0,1,0
36,361093,0,1,0
36,361093,0,2,0
36,361093,0,3,0
36,361094,0,1,0
36,361095,0,1,0
36,361097,0,1,0
36,361099,0,1,0
36,361099,0,2,0
36,361100,0,1,0
36,361102,0,1,0
36,361104,0,1,0
36,361105,0,1,0
36,361106,0,1,0
36,361107,0,1,0
36,361109,0,1,0
36,361110,0,1,0
36,361112,0,1,0
36,361120,0,1,0
36,361122,0,1,0
36,361123,0,1,0
36,361124,0,1,0
36,361126,0,1,0
36,361127,0,1,0
36,361129,0,1,0
36,361130,0,1,0
36,361131,0,1,0
36,361132,0,1,0
36,361134,0,1,0
36,361135,0,1,0
36,361136,0,1,0
36,361137,0,1,0
36,361140,0,1,0
36,361140,0,2,0
36,361142,0,1,98
36,361144,0,1,98
36,361145,0,1,98
36,361145,0,2,98
37,370010,0,1,0
37,370027,0,1,99
37,370055,0,1,0
37,370057,0,1,0
37,370058,0,1,9
37,370061,0,1,9
37,370069,0,1,99
37,370080,0,1,99
37,370081,0,1,0
37,370086,0,1,0
37,370089,0,1,99
37,370090,0,1,99
37,370097,0,1,99
37,370099,0,1,99
37,370100,0,1,0
37,370106,0,1,9
37,370110,0,1,99
37,370118,0,1,0
37,370127,0,1,0
37,370127,0,2,0
37,370144,0,1,0
37,370149,0,1,99
37,370152,0,1,0
37,370155,0,1,0
37,370156,0,1,0
37,370162,0,1,99
37,370162,0,2,99
37,370165,0,1,7
37,370174,0,1,0
37,370179,0,1,0
37,370180,0,1,0
37,370191,0,1,0
37,370196,0,1,0
37,370197,0,1,0
37,370207,0,1,0
37,370210,0,1,0
37,370225,0,1,10
37,370228,0,1,10
37,370237,0,1,0
37,370238,0,1,99
37,370243,0,1,0
37,370243,0,2,0
37,370244,0,1,0
37,370254,0,1,0
37,370277,0,1,99
37,370294,0,1,9
37,370299,0,1,0
37,370314,0,1,0
37,370315,0,1,0
37,370325,0,1,9
37,370326,0,1,9
37,370332,0,1,9
37,370340,0,1,0
37,370350,0,1,0
37,370351,0,1,9
37,370362,0,1,0
37,370362,0,2,0
37,370362,0,3,0
37,370362,0,4,0
37,370366,0,1,0
37,370370,0,1,0
37,370388,0,1,99
37,370414,0,1,99
37,370415,0,1,99
37,370427,0,1,0
37,370427,0,2,0
37,370431,0,1,0
37,370431,0,2,0
37,370431,0,3,0
37,370436,0,1,4
37,370448,0,1,99
37,370465,0,1,9
37,370466,0,1,0
37,370470,0,1,99
37,370484,0,1,0
37,370494,0,1,9
37,370501,0,1,0
37,370501,0,2,0
37,370502,0,1,99
37,370503,0,1,10
37,370511,0,1,0
37,370516,0,1,0
37,370525,0,1,99
37,370539,0,1,0
37,370562,0,1,0
37,370562,0,2,0
37,370578,0,1,0
37,370579,0,1,99
37,370581,0,1,0
37,370584,0,1,99
37,370586,0,1,0
37,370592,0,1,0
37,370603,0,1,9
37,370605,0,1,9
37,370610,0,1,0
37,370611,0,1,99
37,370616,0,1,99
37,370617,0,1,0
37,370617,0,2,99
37,370620,0,1,99
37,370624,0,1,0
37,370625,0,1,0
37,370630,0,1,99
37,370640,0,1,99
37,370645,0,1,9
37,370649,0,1,99
37,370660,0,1,0
37,370667,0,1,9
37,370690,0,1,9
37,370696,0,1,0
37,370712,0,1,0
37,370717,0,1,9
37,370722,0,1,0
37,370730,0,1,0
37,370730,0,2,0
37,370740,0,1,96
37,370741,0,1,9
37,370748,0,1,9
37,370749,0,1,0
37,370750,0,1,0
37,370751,0,1,99
37,370759,0,1,9
37,370769,0,1,0
37,370784,0,1,9
37,370785,0,1,99
37,370793,0,1,99
37,370794,0,1,99
37,370795,0,1,99
37,370810,0,1,10
37,370813,0,1,99
37,370815,0,1,99
37,370823,0,1,99
37,370827,0,1,0
37,370832,0,1,9
37,370833,0,1,9
37,370842,0,1,0
37,370843,0,1,99
37,370848,0,1,0
37,370848,0,2,98
37,370852,0,1,9
37,370853,0,1,0
37,370856,0,1,98
37,370864,0,1,9
37,370874,0,1,9
37,370884,0,1,99
37,370890,0,1,0
37,370907,0,1,0
37,370927,0,1,99
37,370927,0,2,99
37,370944,0,1,99
37,370945,0,1,99
37,370947,0,1,0
37,370951,0,1,98
37,370951,0,2,98
37,370951,0,3,98
37,370959,0,1,0
37,370966,0,1,99
37,370972,0,1,0
37,370982,0,1,99
37,370986,0,1,99
37,370992,0,1,0
37,370994,0,1,0
37,370997,0,1,9
37,371000,0,1,0
37,371004,0,1,99
37,371008,0,1,99
37,371010,0,1,0
37,371016,0,1,99
37,371017,0,1,99
37,371024,0,1,99
37,371026,0,1,99
37,371028,0,1,99
37,371036,0,1,99
37,371038,0,1,0
37,371041,0,1,99
37,371041,0,2,0
37,371042,0,1,0
37,371048,0,1,0
37,371049,0,1,0
37,371052,0,1,0
37,371053,0,1,9
37,371062,0,1,9
37,371064,0,1,99
37,371068,0,1,9
37,371077,0,1,99
37,371081,0,1,0
37,371104,0,1,9
37,371113,0,1,0
37,371115,0,1,99
37,371119,0,1,0
37,371119,0,2,0
37,371121,0,1,0
37,371122,0,1,0
37,371125,0,1,99
37,371128,0,1,0
37,371136,0,1,0
37,371138,0,1,0
37,371141,0,1,99
37,371146,0,1,0
37,371154,0,1,99
37,371172,0,1,9
37,371180,0,1,98
37,371182,0,1,0
37,371184,0,1,99
37,371188,0,1,0
37,371191,0,1,0
37,371192,0,1,9
37,371194,0,1,99
37,371201,0,1,9
37,371204,0,1,0
37,371220,0,1,9
37,371222,0,1,0
38,380036,0,1,0
38,380044,0,1,9
38,380045,0,1,99
38,380055,0,1,99
38,380058,0,1,99
38,380073,0,1,99
38,380074,0,1,0
38,380088,0,1,99
38,380091,0,1,0
39,390002,0,1,99
39,390003,0,1,9
39,390017,0,1,0
39,390017,0,2,0
39,390037,0,1,9
39,390045,0,1,0
39,390055,0,1,0
39,390061,0,1,0
39,390070,0,1,9
39,390082,0,1,9
39,390091,0,1,0
39,390096,0,1,0
39,390130,0,1,99
39,390151,0,1,0
39,390170,0,1,9
39,390181,0,1,0
39,390188,0,1,99
39,390190,0,1,9
39,390191,0,1,99
39,390191,0,2,99
39,390196,0,1,0
39,390210,0,1,0
39,390211,0,1,9
39,390237,0,1,9
39,390243,0,1,99
39,390246,0,1,9
39,390248,0,1,9
39,390249,0,1,0
39,390258,0,1,0
39,390281,0,1,0
39,390288,0,1,0
39,390310,0,1,99
39,390341,0,1,98
39,390358,0,1,9
39,390366,0,1,0
39,390372,0,1,0
39,390374,0,1,99
39,390386,0,1,0
39,390401,0,1,99
39,390401,0,2,98
39,390449,0,1,9
39,390459,0,1,0
39,390469,0,1,99
39,390472,0,1,0
39,390477,0,1,0
39,390480,0,1,0
39,390481,0,1,0
39,390498,0,1,0
39,390498,0,2,0
39,390515,0,1,5
39,390516,0,1,0
39,390526,0,1,99
39,390527,0,1,99
39,390533,0,1,0
39,390537,0,1,0
39,390538,0,1,0
39,390558,0,1,99
39,390558,0,2,99
39,390580,0,1,0
39,390591,0,1,0
39,390592,0,1,9
39,390607,0,1,9
39,390612,0,1,0
39,390612,0,2,98
39,390612,0,3,98
39,390612,0,4,98
39,390612,0,5,98
39,390612,0,6,98
39,390612,0,7,98
39,390612,0,8,98
39,390618,0,1,0
39,390625,0,1,99
39,390636,0,1,99
39,390638,0,1,98
39,390639,0,1,99
39,390643,0,1,0
39,390667,0,1,9
39,390670,0,1,9
39,390673,0,1,99
39,390674,0,1,0
39,390679,0,1,99
39,390682,0,1,0
39,390690,0,1,99
39,390692,0,1,9
39,390718,0,1,9
39,390729,0,1,0
39,390737,0,1,0
39,390767,0,1,0
39,390771,0,1,99
39,390773,0,1,99
39,390778,0,1,0
39,390778,0,2,98
39,390778,0,3,98
39,390778,0,4,98
39,390778,0,5,98
39,390784,0,1,9
39,390803,0,1,9
39,390811,0,1,0
39,390811,0,2,0
39,390823,0,1,99
39,390824,0,1,0
39,390836,0,1,0
39,390839,0,1,99
39,390843,0,1,99
39,390859,0,1,0
39,390864,0,1,0
39,390878,0,1,99
39,390878,0,2,99
39,390909,0,1,0
39,390910,0,1,99
39,390933,0,1,0
39,390959,0,1,99
39,390960,0,1,99
39,390976,0,1,98
39,390980,0,1,99
39,390994,0,1,9
39,390998,0,1,99
39,391000,0,1,8
39,391007,0,1,0
39,391008,0,1,9
39,391010,0,1,9
39,391012,0,1,99
39,391016,0,1,0
39,391017,0,1,99
39,391021,0,1,4
39,391021,0,1,9
39,391025,0,1,0
39,391026,0,1,0
39,391027,0,1,9
39,391028,0,1,99
39,391031,0,1,0
40,400005,0,1,0
40,400006,0,1,0
40,400032,0,1,9
40,400043,0,1,0
40,400044,0,1,0
40,400046,0,1,0
40,400047,0,1,99
40,400057,0,1,0
40,400068,0,1,9
40,400077,0,1,4
40,400078,0,1,0
40,400100,0,1,99
40,400116,0,1,0
40,400135,0,1,0
40,400136,0,1,0
40,400151,0,1,98
40,400152,0,1,0
40,400157,0,1,9
40,400183,0,1,0
40,400184,0,1,0
40,400184,0,2,0
40,400198,0,1,0
40,400215,0,1,0
40,400215,0,2,0
40,400220,0,1,0
40,400227,0,1,99
40,400243,0,1,9
40,400258,0,1,0
40,400262,0,1,0
40,400263,0,1,0
40,400263,0,2,0
40,400267,0,1,99
40,400268,0,1,99
40,400286,0,1,0
40,400321,0,1,99
40,400331,0,1,0
40,400339,0,1,0
40,400345,0,1,0
40,400350,0,1,0
40,400355,0,1,99
40,400376,0,1,0
40,400376,0,2,98
40,400381,0,1,2
40,400387,0,1,99
40,400402,0,1,99
40,400403,0,1,9
40,400416,0,1,0
40,400426,0,1,99
40,400429,0,1,99
40,400433,0,1,99
40,400444,0,1,0
40,400445,0,1,0
40,400450,0,1,0
40,400467,0,1,0
40,400469,0,1,0
40,400479,0,1,0
40,400479,0,2,98
40,400481,0,1,0
40,400483,0,1,9
40,400488,0,1,0
40,400490,0,1,0
40,400494,0,1,99
40,400506,0,1,0
40,400511,0,1,99
40,400512,0,1,99
40,400513,0,1,99
40,400522,0,1,0
40,400522,0,2,0
40,400539,0,1,0
40,400541,0,1,99
40,400542,0,1,96
40,400549,0,1,0
40,400549,0,2,0
40,400551,0,1,99
40,400555,0,1,99
40,400573,0,1,99
40,400582,0,1,99
40,400585,0,1,99
40,400587,0,1,99
40,400587,0,2,99
40,400590,0,1,0
40,400592,0,1,99
40,400597,0,1,99
40,400610,0,1,0
40,400612,0,1,9
40,400622,0,1,0
41,410001,0,1,9
41,410003,0,1,9
41,410004,0,1,0
41,410004,0,2,0
41,410004,0,3,0
41,410005,0,1,9
41,410007,0,1,0
41,410010,0,1,0
41,410012,0,1,99
41,410013,0,1,9
41,410015,0,1,0
41,410015,0,2,0
41,410017,0,1,99
41,410018,0,1,0
41,410019,0,1,0
41,410020,0,1,0
41,410031,0,1,98
41,410037,0,1,99
41,410038,0,1,4
41,410046,0,1,9
41,410051,0,1,98
41,410054,0,1,0
41,410055,0,1,9
41,410062,0,1,99
41,410067,0,1,98
41,410067,0,2,98
41,410067,0,3,98
41,410067,0,4,98
41,410067,0,5,98
41,410068,0,1,0
41,410070,0,1,98
41,410080,0,1,9
41,410082,0,1,0
41,410086,0,1,2
41,410093,0,1,99
41,410096,0,1,9
41,410104,0,1,99
41,410115,0,1,9
41,410116,0,1,98
41,410141,0,1,9
41,410146,0,1,0
41,410148,0,1,4
41,410152,0,1,98
41,410157,0,1,0
41,410157,0,2,0
41,410162,0,1,0
41,410163,0,1,98
41,410172,0,1,9
41,410179,0,1,0
41,410180,0,1,98
41,410190,0,1,0
41,410196,0,1,9
41,410203,0,1,99
41,410212,0,1,0
41,410212,0,2,0
41,410212,0,3,0
41,410214,0,1,9
41,410226,0,1,99
41,410239,0,1,99
41,410244,0,1,99
41,410244,0,2,98
41,410246,0,1,0
41,410246,0,2,0
41,410246,0,3,0
41,410248,0,1,98
41,410249,0,1,99
41,410250,0,1,99
41,410252,0,1,1
41,410254,0,1,9
41,410255,0,1,0
41,410255,0,2,0
41,410255,0,3,0
41,410257,0,1,0
41,410258,0,1,0
41,410266,0,1,9
41,410277,0,1,0
41,410281,0,1,98
41,410285,0,1,98
41,410289,0,1,0
41,410291,0,1,98
41,410294,0,1,99
41,410300,0,1,98
42,420003,0,1,9
42,420035,0,1,0
42,420063,0,1,0
42,420063,0,2,0
42,420066,0,1,9
42,420067,0,1,0
42,420070,0,1,9
42,420071,0,1,0
42,420074,0,1,0
42,420076,0,1,0
42,420080,0,1,0
42,420084,0,1,0
42,420086,0,1,0
42,420091,0,1,99
42,420100,0,1,0
42,420102,0,1,99
42,420102,0,2,99
42,420102,0,3,99
42,420105,0,1,0
42,420106,0,1,99
42,420111,0,1,99
42,420112,0,1,9
42,420119,0,1,99
42,420121,0,1,99
42,420122,0,1,9
42,420123,0,1,0
42,420140,0,1,99
42,420142,0,1,0
42,420148,0,1,0
42,420151,0,1,9
42,420155,0,1,0
42,420160,0,1,9
42,420167,0,1,0
42,420170,0,1,0
42,420172,0,1,0
42,420176,0,1,99
42,420177,0,1,0
42,420178,0,1,99
42,420182,0,1,9
42,420187,0,1,0
42,420187,0,2,0
42,420188,0,1,9
42,420210,0,1,0
42,420215,0,1,9
42,420224,0,1,0
42,420229,0,1,0
42,420234,0,1,9
42,420258,0,1,0
42,420260,0,1,0
42,420264,0,1,9
42,420266,0,1,98
42,420267,0,1,0
42,420268,0,1,98
42,420269,0,1,99
42,420270,0,1,0
42,420271,0,1,99
42,420273,0,1,9
42,420275,0,1,3
42,420292,0,1,99
42,420319,0,1,0
42,420323,0,1,0
42,420328,0,1,9
42,420330,0,1,0
42,420341,0,1,0
42,420345,0,1,8
42,420353,0,1,99
42,420358,0,1,0
42,420359,0,1,0
42,420364,0,1,0
42,420368,0,1,0
42,420369,0,1,0
42,420371,0,1,8
42,420371,0,2,8
42,420371,0,2,9
42,420377,0,1,0
42,420390,0,1,0
42,420391,0,1,0
42,420392,0,1,0
42,420419,0,1,0
42,420432,0,1,6
42,420436,0,1,0
42,420439,0,1,0
42,420440,0,1,0
42,420447,0,1,0
42,420456,0,1,0
42,420461,0,1,9
42,420468,0,1,0
42,420470,0,1,0
42,420482,0,1,0
42,420488,0,1,99
42,420502,0,1,0
42,420502,0,2,0
42,420502,0,3,0
42,420506,0,1,0
42,420509,0,1,0
42,420510,0,1,0
42,420515,0,1,99
42,420521,0,1,0
42,420522,0,1,0
42,420525,0,1,0
42,420530,0,1,0
42,420531,0,1,99
42,420532,0,1,99
42,420533,0,1,0
42,420541,0,1,0
42,420626,0,1,0
42,420654,0,1,0
42,420655,0,1,0
42,420655,0,2,0
42,420665,0,1,0
42,420667,0,1,0
42,420670,0,1,99
42,420671,0,1,99
42,420693,0,1,0
42,420696,0,1,99
42,420698,0,1,0
42,420719,0,1,99
42,420725,0,1,0
42,420730,0,1,9
42,420810,0,1,99
42,420824,0,1,0
42,420830,0,1,0
42,420836,0,1,0
42,420836,0,2,98
42,420837,0,1,99
42,420856,0,1,9
42,420859,0,1,0
42,420869,0,1,0
42,420871,0,1,99
42,420872,0,1,0
42,420878,0,1,0
42,420882,0,1,99
42,420892,0,1,99
42,420935,0,1,0
42,420935,0,2,0
42,420942,0,1,99
42,420943,0,1,0
42,420948,0,1,99
42,420950,0,1,0
42,420954,0,1,0
42,420955,0,1,0
42,420961,0,1,99
42,420962,0,1,99
42,420965,0,1,9
42,420984,0,1,0
42,420985,0,1,0
42,420986,0,1,99
42,421024,0,1,0
42,421024,0,2,0
42,421026,0,1,0
42,421033,0,1,0
42,421034,0,1,0
42,421040,0,1,9
42,421049,0,1,0
42,421051,0,1,0
42,421059,0,1,0
42,421067,0,1,99
42,421069,0,1,0
42,421070,0,1,99
42,421071,0,1,0
42,421076,0,1,99
42,421077,0,1,0
42,421082,0,1,0
42,421083,0,1,0
42,421090,0,1,99
42,421091,0,1,0
42,421097,0,1,0
42,421097,0,2,0
42,421100,0,1,0
42,421111,0,1,0
42,421113,0,1,99
42,421122,0,1,0
42,421126,0,1,9
42,421135,0,1,0
42,421145,0,1,0
42,421150,0,1,0
42,421155,0,1,99
42,421186,0,1,0
42,421194,0,1,0
42,421195,0,1,9
42,421198,0,1,9
42,421199,0,1,99
42,421200,0,1,99
42,421201,0,1,98
42,421206,0,1,5
42,421206,0,1,96
44,440003,0,1,96
44,440003,0,2,98
44,440007,0,1,9
44,440008,0,1,98
44,440008,0,2,98
44,440014,0,1,98
44,440015,0,1,98
44,440022,0,1,0
44,440036,0,1,0
44,440038,0,1,0
44,440052,0,1,98
44,440059,0,1,4
44,440062,0,1,98
44,440066,0,1,98
45,450009,0,1,0
45,450010,0,1,0
45,450017,0,1,0
45,450020,0,1,0
45,450033,0,1,0
45,450038,0,1,0
45,450051,0,1,0
45,450055,0,1,0
45,450055,0,2,0
45,450057,0,1,9
45,450058,0,1,9
45,450062,0,1,0
45,450065,0,1,0
45,450066,0,1,0
45,450072,0,1,9
45,450077,0,1,0
45,450081,0,1,9
45,450086,0,1,0
45,450090,0,1,0
45,450091,0,1,0
45,450092,0,1,9
45,450130,0,1,0
45,450130,0,2,0
45,450136,0,1,0
45,450145,0,1,0
45,450171,0,1,0
45,450191,0,1,0
45,450194,0,1,0
45,450239,0,1,0
45,450248,0,1,9
45,450264,0,1,0
45,450268,0,1,9
45,450300,0,1,9
45,450302,0,1,0
45,450306,0,1,0
45,450312,0,1,0
45,450312,0,2,0
45,450313,0,1,0
45,450316,0,1,0
45,450317,0,1,0
45,450319,0,1,0
45,450321,0,1,9
45,450336,0,1,9
45,450341,0,1,0
45,450344,0,1,0
45,450345,0,1,9
45,450346,0,1,0
45,450369,0,1,0
45,450373,0,1,0
45,450378,0,1,0
45,450390,0,1,0
45,450394,0,1,0
45,450400,0,1,0
45,450403,0,1,0
45,450406,0,1,0
45,450411,0,1,0
45,450412,0,1,0
45,450417,0,1,9
45,450419,0,1,0
45,450441,0,1,0
45,450444,0,1,0
45,450450,0,1,0
45,450464,0,1,0
45,450468,0,1,0
45,450472,0,1,0
45,450474,0,1,0
45,450490,0,1,0
45,450491,0,1,0
45,450497,0,1,0
45,450501,0,1,0
45,450505,0,1,0
45,450507,0,1,0
45,450512,0,1,0
45,450514,0,1,0
45,450522,0,1,0
45,450524,0,1,0
45,450535,0,1,0
45,450549,0,1,0
45,450560,0,1,0
45,450562,0,1,0
45,450563,0,1,0
45,450581,0,1,0
45,450583,0,1,0
45,450596,0,1,9
45,450601,0,1,0
45,450613,0,1,9
45,450640,0,1,0
45,450647,0,1,0
45,450656,0,1,0
45,450665,0,1,9
45,450665,0,2,0
45,450667,0,1,0
45,450678,0,1,9
45,450694,0,1,0
45,450695,0,1,0
45,450696,0,1,0
45,450698,0,1,0
45,450701,0,1,0
45,450711,0,1,9
45,450720,0,1,0
45,450721,0,1,0
45,450723,0,1,0
45,450725,0,1,9
45,450732,0,1,0
45,450732,0,2,0
45,450735,0,1,0
45,450740,0,1,0
45,450741,0,1,0
45,450745,0,1,0
45,450746,0,1,0
45,450746,0,2,0
45,450746,0,3,0
45,450746,0,4,0
45,450749,0,1,0
45,450749,0,2,0
45,450752,0,1,0
45,450758,0,1,0
46,460021,0,1,0
46,460025,0,1,9
46,460026,0,1,98
46,460027,0,1,98
46,460038,0,1,9
46,460043,0,1,0
46,460057,0,1,0
46,460064,0,1,8
46,460082,0,1,0
46,460095,0,1,0
46,460103,0,1,0
47,470002,0,1,0
47,470022,0,1,9
47,470032,0,1,8
47,470037,0,1,0
47,470039,0,1,0
47,470052,0,1,99
47,470070,0,1,9
47,470071,0,1,0
47,470089,0,1,99
47,470097,0,1,99
47,470102,0,1,0
47,470113,0,1,0
47,470116,0,1,0
47,470140,0,1,9
47,470160,0,1,9
47,470186,0,1,0
47,470190,0,1,0
47,470213,0,1,96
47,470220,0,1,10
47,470224,0,1,98
47,470228,0,1,0
47,470243,0,1,0
47,470266,0,1,0
47,470275,0,1,99
47,470311,0,1,99
47,470334,0,1,99
47,470376,0,1,98
47,470379,0,1,0
47,470383,0,1,9
47,470386,0,1,0
47,470392,0,1,99
47,470408,0,1,99
47,470408,0,2,99
47,470431,0,1,99
47,470437,0,1,99
47,470439,0,1,8
47,470439,0,1,96
47,470442,0,1,0
47,470458,0,1,99
47,470474,0,1,0
47,470475,0,1,99
47,470475,0,2,99
47,470478,0,1,99
47,470481,0,1,0
47,470484,0,1,98
47,470500,0,1,99
47,470523,0,1,9
47,470551,0,1,9
47,470559,0,1,9
47,470595,0,1,99
47,470608,0,1,0
47,470617,0,1,99
47,470622,0,1,98
47,470624,0,1,99
47,470629,0,1,99
47,470633,0,1,99
47,470639,0,1,9
47,470642,0,1,0
47,470642,0,2,98
47,470647,0,1,9
47,470659,0,1,0
47,470672,0,1,0
47,470679,0,1,99
47,470683,0,1,99
47,470694,0,1,0
47,470697,0,1,99
47,470702,0,1,0
47,470703,0,1,0
47,470719,0,1,9
47,470727,0,1,99
47,470735,0,1,98
47,470742,0,1,99
47,470747,0,1,9
47,470751,0,1,99
47,470761,0,1,0
47,470773,0,1,0
47,470773,0,2,99
47,470786,0,1,0
47,470789,0,1,99
47,470804,0,1,99
47,470810,0,1,0
47,470817,0,1,0
47,470818,0,1,0
47,470820,0,1,0
47,470821,0,1,0
47,470854,0,1,98
47,470855,0,1,98
47,470856,0,1,0
47,470862,0,1,99
47,470869,0,1,99
47,470878,0,1,0
47,470895,0,1,99
47,470900,0,1,9
47,470934,0,1,0
47,470946,0,1,0
47,470951,0,1,9
47,470960,0,1,99
47,470962,0,1,1
47,470964,0,1,99
47,470975,0,1,0
48,480030,0,1,9
48,480033,0,1,9
48,480041,0,1,0
48,480041,0,2,0
48,480054,0,1,0
48,480069,0,1,9
48,480093,0,1,0
48,480103,0,1,0
48,480122,0,1,0
48,480129,0,1,9
48,480136,0,1,5
48,480136,0,1,9
48,480137,0,1,0
48,480146,0,1,0
48,480146,0,2,0
48,480149,0,1,9
48,480163,0,1,98
48,480176,0,1,0
48,480196,0,1,0
48,480202,0,1,0
48,480202,0,2,0
48,480206,0,1,0
48,480208,0,1,0
48,480212,0,1,0
48,480213,0,1,0
48,480214,0,1,0
48,480218,0,1,0
48,480229,0,1,98
48,480232,0,1,9
48,480233,0,1,0
48,480239,0,1,9
48,480240,0,1,0
48,480245,0,1,0
48,480254,0,1,0
48,480255,0,1,0
48,480259,0,1,0
48,480265,0,1,9
48,480265,0,1,96
48,480265,0,2,9
48,480280,0,1,9
48,480282,0,1,0
48,480286,0,1,0
48,480286,0,2,0
48,480301,0,1,0
48,480303,0,1,0
48,480303,0,2,0
48,480331,0,1,0
48,480339,0,1,3
48,480340,0,1,0
48,480341,0,1,9
48,480344,0,1,0
48,480369,0,1,0
48,480372,0,1,98
48,480373,0,1,0
48,480395,0,1,0
48,480397,0,1,0
48,480412,0,1,9
48,480415,0,1,98
48,480433,0,1,9
48,480457,0,1,0
48,480462,0,1,9
48,480478,0,1,0
48,480486,0,1,0
48,480498,0,1,0
48,480521,0,1,0
48,480524,0,1,0
48,480530,0,1,0
48,480532,0,1,98
48,480539,0,1,9
48,480543,0,1,0
48,480547,0,1,0
48,480550,0,1,0
48,480552,0,1,0
48,480558,0,1,0
48,480562,0,1,0
48,480592,0,1,0
48,480601,0,1,2
48,480612,0,1,0
48,480613,0,1,0
48,480623,0,1,0
48,480626,0,1,9
48,480640,0,1,0
48,480640,0,2,0
48,480645,0,1,8
48,480645,0,1,9
48,480653,0,1,0
48,480670,0,1,9
48,480690,0,1,0
48,480694,0,1,0
48,480695,0,1,0
48,480701,0,1,9
48,480703,0,1,0
48,480711,0,1,0
48,480711,0,2,0
48,480713,0,1,9
48,480714,0,1,9
48,480724,0,1,99
48,480737,0,1,9
48,480738,0,1,98
48,480751,0,1,0
48,480752,0,1,0
48,480764,0,1,0
48,480770,0,1,9
48,480812,0,1,98
48,480821,0,1,9
48,480841,0,1,9
48,480861,0,1,9
48,480864,0,1,0
48,480865,0,1,0
48,480869,0,1,0
48,480872,0,1,5
48,480875,0,1,1
48,480878,0,1,9
48,480880,0,1,1
48,480881,0,1,0
48,480898,0,1,0
48,480916,0,1,9
48,480924,0,1,9
48,480938,0,1,9
48,480940,0,1,0
48,480940,0,2,0
48,480946,0,1,9
48,480965,0,1,0
48,480981,0,1,8
48,481000,0,1,0
48,481001,0,1,9
48,481005,0,1,0
48,481006,0,1,9
48,481006,0,2,0
48,481008,0,1,0
48,481035,0,1,0
48,481038,0,1,0
48,481043,0,1,0
48,481044,0,1,0
48,481054,0,1,0
48,481054,0,2,0
48,481054,0,3,0
48,481054,0,4,0
48,481063,0,1,0
48,481080,0,1,0
48,481083,0,1,9
48,481097,0,1,0
48,481105,0,1,0
48,481116,0,1,9
48,481122,0,1,9
48,481125,0,1,98
48,481127,0,1,9
48,481160,0,1,9
48,481166,0,1,0
48,481166,0,2,0
48,481166,0,3,0
48,481169,0,1,0
48,481192,0,1,0
48,481222,0,1,0
48,481237,0,1,0
48,481250,0,1,0
48,481255,0,1,9
48,481256,0,1,9
48,481258,0,1,0
48,481261,0,1,0
48,481262,0,1,0
48,481265,0,1,0
48,481276,0,1,0
48,481288,0,1,9
48,481293,0,1,0
48,481294,0,1,0
48,481294,0,2,0
48,481296,0,1,0
48,481302,0,1,0
48,481313,0,1,0
48,481324,0,1,0
48,481326,0,1,0
48,481333,0,1,0
48,481333,0,2,0
48,481336,0,1,0
48,481339,0,1,0
48,481343,0,1,0
48,481360,0,1,9
48,481389,0,1,0
48,481397,0,1,0
48,481401,0,1,9
48,481402,0,1,9
48,481407,0,1,0
48,481416,0,1,0
48,481416,0,2,0
48,481420,0,1,0
48,481428,0,1,9
48,481434,0,1,0
48,481445,0,1,9
48,481446,0,1,0
48,481450,0,1,8
48,481458,0,1,0
48,481468,0,1,0
48,481479,0,1,9
48,481480,0,1,98
48,481486,0,1,9
48,481486,0,1,10
48,481487,0,1,0
48,481490,0,1,0
48,481490,0,2,0
48,481492,0,1,98
48,481495,0,1,0
48,481497,0,1,0
48,481498,0,1,9
48,481505,0,1,0
48,481514,0,1,0
48,481530,0,1,9
48,481538,0,1,0
48,481538,0,2,9
48,481563,0,1,9
48,481565,0,1,9
48,481583,0,1,0
48,481592,0,1,0
48,481599,0,1,3
48,481614,0,1,9
48,481617,0,1,0
48,481622,0,1,0
48,481630,0,1,0
48,481647,0,1,0
48,481656,0,1,0
48,481657,0,1,0
48,481659,0,1,0
48,481661,0,1,0
48,481661,0,2,0
48,481663,0,1,0
48,481663,0,2,0
48,481678,0,1,0
48,481681,0,1,9
48,481682,0,1,0
48,481686,0,1,0
48,481688,0,1,9
48,481689,0,1,9
48,481695,0,1,0
48,481696,0,1,0
48,481699,0,1,0
48,481705,0,1,0
48,481705,0,2,0
48,481705,0,3,0
48,481705,0,4,0
48,481707,0,1,0
48,481718,0,1,96
48,481722,0,1,0
48,481730,0,1,0
48,481737,0,1,0
48,481742,0,1,0
48,481761,0,1,0
48,481770,0,1,0
48,481776,0,1,0
48,481779,0,1,0
48,481811,0,1,0
48,481822,0,1,9
48,481824,0,1,9
48,481824,0,2,0
48,481827,0,1,0
48,481829,0,1,0
48,481833,0,1,9
48,481835,0,1,9
48,481839,0,1,0
48,481842,0,1,0
48,481843,0,1,0
48,481862,0,1,9
48,481872,0,1,0
48,481875,0,1,0
48,481875,0,2,0
48,481881,0,1,99
48,481895,0,1,0
48,481896,0,1,0
48,481897,0,1,0
48,481905,0,1,0
48,481909,0,1,9
48,481910,0,1,9
48,481918,0,1,0
48,481918,0,2,0
48,481933,0,1,0
48,481934,0,1,0
48,481941,0,1,9
48,481942,0,1,0
48,481943,0,1,0
48,481945,0,1,8
48,481945,0,1,9
48,481945,0,2,0
48,481951,0,1,9
48,481962,0,1,0
48,481969,0,1,0
48,481969,0,2,0
48,481987,0,1,0
48,481991,0,1,9
48,481997,0,1,0
48,482014,0,1,98
48,482014,0,2,0
48,482014,0,3,0
48,482026,0,1,0
48,482036,0,1,0
48,482041,0,1,0
48,482054,0,1,0
48,482066,0,1,9
48,482074,0,1,0
48,482075,0,1,0
48,482078,0,1,9
48,482081,0,1,0
48,482086,0,1,0
48,482092,0,1,0
48,482098,0,1,0
48,482101,0,1,0
48,482116,0,1,9
48,482127,0,1,98
48,482128,0,1,0
48,482130,0,1,0
48,482144,0,1,0
48,482146,0,1,0
48,482148,0,1,0
48,482149,0,1,0
48,482150,0,1,0
48,482152,0,1,0
48,482153,0,1,98
48,482153,0,2,98
48,482158,0,1,0
48,482160,0,1,0
48,482169,0,1,0
48,482173,0,1,98
48,482174,0,1,98
48,482187,0,1,0
48,482190,0,1,98
48,482198,0,1,0
48,482200,0,1,0
48,482204,0,1,0
48,482210,0,1,98
48,482219,0,1,9
48,482231,0,1,9
48,482234,0,1,98
48,482237,0,1,9
48,482244,0,1,0
48,482250,0,1,0
48,482264,0,1,98
48,482265,0,1,98
48,482267,0,1,9
48,482275,0,1,0
48,482280,0,1,0
48,482285,0,1,0
48,482289,0,1,0
48,482305,0,1,0
48,482307,0,1,9
48,482308,0,1,9
48,482313,0,1,0
48,482314,0,1,0
48,482318,0,1,0
48,482322,0,1,9
48,482341,0,1,98
48,482342,0,1,9
48,482345,0,1,98
48,482353,0,1,0
48,482355,0,1,0
48,482359,0,1,0
48,482359,0,2,0
48,482365,0,1,4
48,482371,0,1,98
48,482375,0,1,9
48,482376,0,1,98
48,482379,0,1,98
48,482388,0,1,9
48,482396,0,1,0
48,482422,0,1,9
48,482435,0,1,98
48,482445,0,1,0
48,482446,0,1,0
48,482455,0,1,0
48,482456,0,1,0
48,482459,0,1,9
48,482462,0,1,9
48,482466,0,1,0
48,482469,0,1,9
48,482480,0,1,0
48,482484,0,1,98
48,482484,0,2,98
48,482487,0,1,98
48,482488,0,1,98
48,482497,0,1,0
48,482499,0,1,0
48,482505,0,1,0
48,482514,0,1,9
48,482534,0,1,0
48,482539,0,1,5
48,482539,0,1,9
48,482542,0,1,5
48,482553,0,1,0
48,482558,0,1,0
48,482567,0,1,98
48,482575,0,1,0
48,482576,0,1,0
48,482586,0,1,0
48,482588,0,1,0
48,482589,0,1,0
48,482591,0,1,0
48,482596,0,1,0
48,482599,0,1,99
48,482601,0,1,0
48,482608,0,1,0
48,482610,0,1,0
48,482614,0,1,0
48,482616,0,1,9
48,482622,0,1,0
48,482626,0,1,0
48,482626,0,2,0
48,482628,0,1,9
48,482639,0,1,9
48,482642,0,1,8
48,482645,0,1,98
48,482656,0,1,0
48,482657,0,1,0
48,482662,0,1,0
48,482664,0,1,9
48,482673,0,1,0
48,482674,0,1,0
48,482677,0,1,0
48,482678,0,1,0
48,482686,0,1,0
48,482701,0,1,0
48,482702,0,1,9
48,482710,0,1,0
48,482712,0,1,0
48,482713,0,1,9
48,482716,0,1,0
48,482728,0,1,0
48,482730,0,1,0
48,482732,0,1,0
48,482733,0,1,0
48,482740,0,1,0
48,482741,0,1,0
48,482750,0,1,0
48,482752,0,1,0
48,482765,0,1,0
48,482769,0,1,0
48,482780,0,1,9
48,482781,0,1,0
48,482782,0,1,0
48,482788,0,1,0
48,482790,0,1,0
48,482794,0,1,0
48,482794,0,2,0
48,482799,0,1,0
49,490001,0,1,0
49,490007,0,1,0
49,490023,0,1,0
49,490040,0,1,0
49,490041,0,1,8
49,490047,0,1,0
49,490051,0,1,0
49,490051,0,2,0
49,490074,0,1,0
49,490078,0,1,98
49,490080,0,1,9
49,490096,0,1,0
49,490108,0,1,0
49,490111,0,1,8
49,490117,0,1,98
49,490126,0,1,0
49,490128,0,1,0
49,490130,0,1,0
49,490132,0,1,0
49,490147,0,1,0
49,490149,0,1,0
49,490165,0,1,0
49,490170,0,1,0
49,490171,0,1,0
49,490171,0,2,0
49,490172,0,1,99
49,490173,0,1,0
49,490185,0,1,0
49,490186,0,1,98
49,490187,0,1,96
49,490189,0,1,98
49,490190,0,1,98
49,490191,0,1,98
49,490191,0,2,98
49,490191,0,3,98
49,490192,0,1,0
49,490192,0,2,5
49,490192,0,2,8
49,490192,0,3,5
49,490192,0,3,8
49,490203,0,1,99
49,490205,0,1,99
50,500006,0,1,0
50,500007,0,1,0
50,500007,0,2,0
50,500019,0,1,0
50,500030,0,1,0
50,500062,0,1,0
51,510002,0,1,0
51,510010,0,1,0
51,510013,0,1,0
51,510017,0,1,0
51,510020,0,1,0
51,510025,0,1,98
51,510041,0,1,0
51,510043,0,1,0
51,510057,0,1,0
51,510060,0,1,0
51,510061,0,1,0
51,510062,0,1,9
51,510067,0,1,0
51,510074,0,1,9
51,510078,0,1,99
51,510095,0,1,0
51,510113,0,1,0
51,510123,0,1,0
51,510127,0,1,0
51,510135,0,1,0
51,510136,0,1,0
51,510141,0,1,0
51,510143,0,1,96
51,510144,0,1,0
51,510154,0,1,0
51,510165,0,1,0
51,510170,0,1,0
51,510172,0,1,9
51,510189,0,1,9
51,510200,0,1,0
51,510208,0,1,9
51,510209,0,1,98
51,510239,0,1,0
51,510244,0,1,0
51,510263,0,1,9
51,510272,0,1,0
51,510273,0,1,9
51,510274,0,1,9
51,510293,0,1,0
51,510297,0,1,0
51,510297,0,2,0
51,510315,0,1,9
51,510323,0,1,0
51,510329,0,1,10
51,510348,0,1,0
51,510370,0,1,1
51,510385,0,1,0
51,510386,0,1,0
51,510397,0,1,9
51,510399,0,1,0
51,510409,0,1,0
51,510418,0,1,9
51,510428,0,1,0
51,510429,0,1,9
51,510450,0,1,9
51,510451,0,1,9
51,510456,0,1,0
51,510458,0,1,9
51,510459,0,1,0
51,510492,0,1,0
51,510497,0,1,9
51,510507,0,1,0
51,510521,0,1,0
51,510531,0,1,0
51,510561,0,1,0
51,510566,0,1,0
51,510567,0,1,98
51,510568,0,1,0
51,510569,0,1,0
51,510570,0,1,9
51,510574,0,1,0
51,510579,0,1,9
51,510582,0,1,9
51,510584,0,1,0
51,510600,0,1,0
51,510609,0,1,0
51,510614,0,1,0
51,510614,0,2,0
51,510624,0,1,9
51,510630,0,1,6
51,510632,0,1,98
51,510643,0,1,9
51,510657,0,1,9
51,510661,0,1,0
51,510662,0,1,2
51,510673,0,1,98
51,510686,0,1,0
51,510688,0,1,1
51,510688,0,1,9
51,510689,0,1,0
53,530002,0,1,98
53,530017,0,1,0
53,530019,0,1,0
53,530025,0,1,99
53,530030,0,1,0
53,530032,0,1,99
53,530033,0,1,0
53,530041,0,1,0
53,530042,0,1,0
53,530042,0,2,0
53,530043,0,1,0
53,530052,0,1,99
53,530054,0,1,0
53,530065,0,1,7
53,530075,0,1,9
53,530090,0,1,0
53,530093,0,1,0
53,530094,0,1,99
53,530096,0,1,0
53,530110,0,1,0
53,530113,0,1,99
53,530119,0,1,0
53,530127,0,1,99
53,530146,0,1,8
53,530147,0,1,99
53,530151,0,1,0
53,530171,0,1,99
53,530174,0,1,99
53,530222,0,1,0
53,530233,0,1,99
53,530243,0,1,0
53,530246,0,1,0
53,530247,0,1,0
53,530254,0,1,1
53,530259,0,1,0
53,530262,0,1,0
53,530269,0,1,99
53,530287,0,1,0
53,530290,0,1,0
53,530291,0,1,0
53,530294,0,1,0
53,530294,0,2,0
53,530301,0,1,99
53,530312,0,1,0
53,530320,0,1,99
53,530322,0,1,99
53,530324,0,1,0
53,530325,0,1,99
53,530326,0,1,9
53,530336,0,1,0
53,530341,0,1,99
53,530351,0,1,0
53,530367,0,1,99
53,530374,0,1,99
53,530377,0,1,99
53,530378,0,1,0
53,530379,0,1,0
53,530385,0,1,0
53,530388,0,1,99
53,530392,0,1,99
53,530394,0,1,0
53,530398,0,1,0
53,530399,0,1,0
53,530409,0,1,0
53,530411,0,1,99
53,530416,0,1,0
53,530418,0,1,0
53,530420,0,1,0
53,530425,0,1,99
53,530429,0,1,9
53,530431,0,1,0
54,540021,0,1,0
54,540022,0,1,0
54,540046,0,1,0
54,540048,0,1,9
54,540066,0,1,0
54,540081,0,1,9
54,540109,0,1,9
54,540113,0,1,9
54,540116,0,1,0
54,540134,0,1,9
54,540186,0,1,0
54,540193,0,1,9
54,540194,0,1,0
54,540265,0,1,9
54,540269,0,1,9
54,540280,0,1,0
55,550005,0,1,9
55,550009,0,1,3
55,550016,0,1,0
55,550036,0,1,98
55,550053,0,1,0
55,550054,0,1,9
55,550055,0,1,9
55,550072,0,1,0
55,550083,0,1,9
55,550090,0,1,0
55,550102,0,1,2
55,550112,0,1,0
55,550121,0,1,0
55,550124,0,1,9
55,550149,0,1,0
55,550149,0,2,0
55,550162,0,1,0
55,550165,0,1,0
55,550174,0,1,0
55,550181,0,1,99
55,550188,0,1,0
55,550188,0,2,0
55,550189,0,1,0
55,550201,0,1,0
55,550214,0,1,0
55,550221,0,1,0
55,550235,0,1,0
55,550243,0,1,9
55,550268,0,1,0
55,550274,0,1,9
55,550291,0,1,9
55,550299,0,1,0
55,550299,0,2,0
55,550303,0,1,9
55,550304,0,1,0
55,550304,0,2,0
55,550311,0,1,9
55,550334,0,1,0
55,550338,0,1,9
55,550340,0,1,0
55,550362,0,1,9
55,550377,0,1,9
55,550396,0,1,0
55,550397,0,1,0
55,550404,0,1,4
55,550406,0,1,0
55,550408,0,1,96
55,550416,0,1,0
55,550416,0,2,0
55,550419,0,1,0
55,550419,0,2,0
55,550420,0,1,0
55,550421,0,1,0
55,550434,0,1,0
55,550444,0,1,0
55,550454,0,1,9
55,550461,0,1,9
55,550462,0,1,9
55,550466,0,1,9
55,550481,0,1,0
55,550482,0,1,0
55,550483,0,1,0
55,550490,0,1,0
55,550509,0,1,0
55,550512,0,1,0
55,550512,0,2,0
55,550512,0,3,0
55,550514,0,1,0
55,550520,0,1,0
55,550528,0,1,0
55,550534,0,1,0
56,560039,0,1,0
56,560055,0,1,0
56,560061,0,1,9
